1	1	0.64761	589.142
2	2	0.65458	107.857
3	2	0.65218	109.098
4	2	0.65352	106.192
5	2	0.64908	105.795
6	2	0.75757	177.864
7	2	0.79514	222.649
8	2	0.80066	221.411
9	2	0.80661	225.237
10	2	0.81184	227.33
11	2	0.81447	226.149
12	2	0.81856	230.962
13	2	0.82155	240.007
14	2	0.81976	238.697
15	2	0.8219	242.801
16	2	0.82095	242.368
17	2	0.8231	245.371
18	2	0.82198	243.352
19	2	0.82521	242.187
20	2	0.82429	245.252
21	2	0.82176	246.198
22	2	0.82454	246.21
23	2	0.8252	246.517
24	2	0.8259	247.769
25	2	0.82351	249.023
26	2	0.82381	248.686
27	3	0.65629	29.9753
28	3	0.6507	30.1498
29	3	0.65151	27.4533
30	3	0.65673	24.6852
31	3	0.76218	27.0829
32	3	0.79789	31.022
33	3	0.80396	32.1994
34	3	0.81138	32.5952
35	3	0.81929	34.0005
36	3	0.82457	33.8429
37	3	0.82654	33.9968
38	3	0.82755	34.0754
39	3	0.82832	34.2189
40	3	0.82858	35.8815
41	3	0.83021	34.9576
42	3	0.83293	34.9182
43	3	0.83199	35.4819
44	3	0.83119	35.9297
45	3	0.83344	35.0971
46	3	0.83369	35.4636
47	3	0.83421	35.3966
48	3	0.83166	35.5993
49	3	0.83534	34.7729
50	3	0.83297	35.6989
51	3	0.64909	30.1965
52	3	0.65252	26.6233
53	3	0.65453	24.6413
54	3	0.76064	27.7355
55	3	0.79718	32.9389
56	3	0.80287	31.5249
57	3	0.80886	34.1755
58	3	0.81712	34.012
59	3	0.82105	34.8928
60	3	0.82382	35.0159
61	3	0.8265	35.8993
62	3	0.82718	34.6737
63	3	0.82999	35.2438
64	3	0.82845	35.9456
65	3	0.83165	36.6777
66	3	0.83067	36.0617
67	3	0.83221	37.0449
68	3	0.83341	36.2994
69	3	0.83319	36.563
70	3	0.83109	36.5466
71	3	0.83334	36.6854
72	3	0.83332	36.35
73	3	0.83182	37.2845
74	3	0.65309	24.3781
75	3	0.65375	22.6831
76	3	0.7619	26.8716
77	3	0.79793	31.626
78	3	0.80096	32.1181
79	3	0.81317	32.7382
80	3	0.81639	33.4368
81	3	0.82256	33.6706
82	3	0.8249	33.9136
83	3	0.8242	34.6697
84	3	0.82521	34.1457
85	3	0.82794	34.1019
86	3	0.83178	35.4972
87	3	0.82824	35.1753
88	3	0.83115	34.3281
89	3	0.8296	36.3878
90	3	0.8342	34.5475
91	3	0.83028	34.8571
92	3	0.83185	35.3234
93	3	0.83263	35.5273
94	3	0.83149	35.0461
95	3	0.65568	22.2634
96	3	0.76104	25.9677
97	3	0.79579	30.798
98	3	0.80166	32.1123
99	3	0.80949	31.571
100	3	0.81613	32.6194
101	3	0.81909	33.1846
102	3	0.82136	33.2025
103	3	0.82155	33.7978
104	3	0.82655	34.3123
105	3	0.82691	33.9055
106	3	0.82716	34.5473
107	3	0.82752	34.3142
108	3	0.82938	34.7744
109	3	0.82768	34.3231
110	3	0.83027	34.4809
111	3	0.83063	35.0858
112	3	0.82809	34.4506
113	3	0.83018	34.7452
114	3	0.83093	34.7478
115	3	0.83226	34.5531
116	3	0.85556	38.2029
117	3	0.86065	40.814
118	3	0.86641	41.602
119	3	0.86984	40.5287
120	3	0.87249	41.1152
121	3	0.87214	41.4125
122	3	0.87605	43.4016
123	3	0.87466	43.6822
124	3	0.87671	43.0339
125	3	0.87753	44.7627
126	3	0.87881	43.7077
127	3	0.87826	44.3181
128	3	0.88022	45.2882
129	3	0.881	45.7744
130	3	0.87956	43.7178
131	3	0.88017	45.4627
132	3	0.87863	44.1295
133	3	0.8769	43.4769
134	3	0.88116	45.0937
135	3	0.88333	47.3504
136	3	0.88745	46.1841
137	3	0.8898	47.9329
138	3	0.8895	48.5812
139	3	0.89272	49.057
140	3	0.89167	49.3054
141	3	0.89428	50.564
142	3	0.89606	49.8768
143	3	0.89427	51.1069
144	3	0.89451	50.0963
145	3	0.89407	50.822
146	3	0.89407	51.7546
147	3	0.89607	51.2358
148	3	0.89606	51.4539
149	3	0.89477	50.8561
150	3	0.88306	45.8849
151	3	0.8871	48.7351
152	3	0.88918	46.9298
153	3	0.89215	48.2288
154	3	0.89283	49.2177
155	3	0.89461	51.2305
156	3	0.89424	50.5967
157	3	0.89338	51.8281
158	3	0.89515	51.8345
159	3	0.8955	50.9702
160	3	0.89654	51.0795
161	3	0.89541	52.1498
162	3	0.89621	53.4785
163	3	0.89635	53.4118
164	3	0.89598	52.4423
165	3	0.89182	48.665
166	3	0.89396	51.7714
167	3	0.894	50.6538
168	3	0.89829	52.5418
169	3	0.89733	51.362
170	3	0.89914	52.9174
171	3	0.89966	53.5462
172	3	0.8988	52.4116
173	3	0.89873	53.8979
174	3	0.89826	54.7817
175	3	0.89903	54.0008
176	3	0.90071	53.9134
177	3	0.89939	54.0482
178	3	0.89911	54.4317
179	3	0.89612	50.6219
180	3	0.89637	52.0299
181	3	0.8978	53.2007
182	3	0.89885	52.6643
183	3	0.89915	52.7057
184	3	0.89918	53.3292
185	3	0.89861	55.3689
186	3	0.9004	54.364
187	3	0.90078	55.2784
188	3	0.89974	55.2688
189	3	0.90121	54.9711
190	3	0.90189	55.5916
191	3	0.89953	52.5257
192	3	0.8988	53.6946
193	3	0.90294	53.7825
194	3	0.90144	53.7947
195	3	0.90126	55.708
196	3	0.90318	54.7803
197	3	0.90182	55.5672
198	3	0.90259	55.0871
199	3	0.90252	55.6106
200	3	0.90275	55.4258
201	3	0.90329	56.8374
202	3	0.90043	53.7779
203	3	0.90168	55.0289
204	3	0.90172	56.4357
205	3	0.90193	56.3136
206	3	0.90261	56.2662
207	3	0.90403	57.0564
208	3	0.90359	57.393
209	3	0.90213	57.1222
210	3	0.90062	57.0381
211	3	0.89958	55.3622
212	3	0.90031	56.3796
213	3	0.90216	55.9696
214	3	0.90325	57.771
215	3	0.90331	56.6305
216	3	0.9042	56.8017
217	3	0.90294	57.9416
218	3	0.90206	58.476
219	3	0.90279	56.6837
220	3	0.9024	58.3248
221	3	0.90235	57.1921
222	3	0.90366	58.7045
223	3	0.90387	57.6919
224	3	0.90356	57.4658
225	3	0.9044	57.8572
226	3	0.90246	58.2032
227	3	0.90287	57.5734
228	3	0.9029	59.2851
229	3	0.90305	59.6543
230	3	0.90418	59.733
231	3	0.90425	58.1187
232	3	0.90368	58.9052
233	3	0.90496	58.7076
234	3	0.90238	59.3119
235	4	0.65399	52.603
236	4	0.64947	51.7571
237	4	0.64629	50.4573
238	4	0.6586	42.3899
239	4	0.76196	24.7791
240	4	0.79922	21.9013
241	4	0.80409	21.4599
242	4	0.81194	21.1974
243	4	0.82002	21.3543
244	4	0.82367	21.2837
245	4	0.82532	20.9042
246	4	0.82776	20.7628
247	4	0.82977	20.9448
248	4	0.8312	20.6745
249	4	0.83065	21.0035
250	4	0.83402	19.7758
251	4	0.83209	20.7304
252	4	0.83323	20.4939
253	4	0.83432	20.312
254	4	0.83379	20.159
255	4	0.83439	20.814
256	4	0.83438	20.2155
257	4	0.83643	20.45
258	4	0.8338	20.4509
259	4	0.6486	50.7263
260	4	0.65326	47.17
261	4	0.65888	41.1532
262	4	0.76203	24.4724
263	4	0.79907	21.4625
264	4	0.80723	20.355
265	4	0.81262	20.9931
266	4	0.81947	21.5096
267	4	0.82383	21.1451
268	4	0.82397	20.835
269	4	0.82954	20.5744
270	4	0.82921	20.6837
271	4	0.82892	20.1598
272	4	0.83242	19.644
273	4	0.82967	20.4271
274	4	0.83177	20.0813
275	4	0.83274	19.624
276	4	0.83297	19.7646
277	4	0.83424	20.0327
278	4	0.83435	19.8846
279	4	0.83482	19.5499
280	4	0.83358	20.2736
281	4	0.65393	42.1069
282	4	0.66199	38.5205
283	4	0.76339	22.2467
284	4	0.79863	19.8702
285	4	0.80478	19.662
286	4	0.81191	19.902
287	4	0.81715	19.495
288	4	0.82291	19.0294
289	4	0.82366	19.3645
290	4	0.82542	19.2745
291	4	0.82741	19.0039
292	4	0.83039	18.1258
293	4	0.82945	18.545
294	4	0.83314	18.0281
295	4	0.83597	18.3416
296	4	0.83209	18.5182
297	4	0.83185	18.4877
298	4	0.83296	18.6231
299	4	0.83301	18.8407
300	4	0.83425	19.2346
301	4	0.83319	19.2557
302	4	0.66797	33.5098
303	4	0.76533	20.4164
304	4	0.80008	17.5606
305	4	0.80981	18.0343
306	4	0.81542	17.9792
307	4	0.82237	17.6455
308	4	0.82608	17.961
309	4	0.82965	17.6483
310	4	0.82948	16.8634
311	4	0.83224	16.8479
312	4	0.83402	17.1175
313	4	0.83141	16.1791
314	4	0.83216	16.9914
315	4	0.83622	16.8072
316	4	0.83429	17.1929
317	4	0.83483	17.0623
318	4	0.83674	16.7157
319	4	0.83431	16.3055
320	4	0.83441	16.4312
321	4	0.83834	14.14
322	4	0.86078	12.8516
323	4	0.86679	12.7393
324	4	0.87093	13.003
325	4	0.87392	11.5743
326	4	0.87823	12.4778
327	4	0.87859	12.2331
328	4	0.88249	11.9954
329	4	0.88102	11.8365
330	4	0.88374	12.2134
331	4	0.88371	11.8349
332	4	0.88286	11.7205
333	4	0.88345	11.2708
334	4	0.88329	11.5933
335	4	0.88483	11.5584
336	4	0.88321	11.5048
337	4	0.88593	11.531
338	4	0.88265	11.1576
339	4	0.88096	11.6727
340	4	0.88558	11.4051
341	4	0.88956	11.0389
342	4	0.89206	11.063
343	4	0.8971	10.9892
344	4	0.89567	10.8181
345	4	0.89759	10.09
346	4	0.89787	10.0663
347	4	0.89938	10.5633
348	4	0.89958	10.4374
349	4	0.90072	10.266
350	4	0.89953	10.2877
351	4	0.89987	10.112
352	4	0.89998	10.3298
353	4	0.90259	10.1611
354	4	0.90149	10.1571
355	4	0.88819	10.8514
356	4	0.89291	10.8494
357	4	0.89654	10.7207
358	4	0.89762	10.4753
359	4	0.89873	10.4194
360	4	0.90111	10.1316
361	4	0.9006	9.96062
362	4	0.90283	9.9883
363	4	0.90157	9.97296
364	4	0.90273	10.0903
365	4	0.90342	10.2073
366	4	0.90402	9.75475
367	4	0.90385	9.73973
368	4	0.90323	10.1982
369	4	0.90478	9.77833
370	4	0.89615	10.9041
371	4	0.89842	10.7828
372	4	0.9043	10.4093
373	4	0.90232	10.1205
374	4	0.90521	10.7213
375	4	0.90577	10.2617
376	4	0.90578	9.75609
377	4	0.90672	10.0864
378	4	0.90777	9.99868
379	4	0.90815	9.61675
380	4	0.90712	9.88738
381	4	0.90944	10.1649
382	4	0.90639	10.0135
383	4	0.90387	10.4668
384	4	0.90599	9.95696
385	4	0.9068	10.1464
386	4	0.90668	9.98215
387	4	0.90817	9.99016
388	4	0.90786	10.0437
389	4	0.90758	9.79764
390	4	0.9106	9.38885
391	4	0.90836	9.8887
392	4	0.90829	9.84244
393	4	0.91033	9.61436
394	4	0.91036	9.5632
395	4	0.90748	9.854
396	4	0.90868	9.95037
397	4	0.90763	10.0114
398	4	0.91129	9.69797
399	4	0.91016	9.37717
400	4	0.9112	9.90654
401	4	0.91088	9.60509
402	4	0.91158	9.63387
403	4	0.91149	9.49613
404	4	0.91241	9.72226
405	4	0.90858	9.54878
406	4	0.9095	9.59328
407	4	0.91068	9.21978
408	4	0.91098	9.53542
409	4	0.91105	9.41473
410	4	0.91152	9.31842
411	4	0.91148	9.04458
412	4	0.91123	9.45953
413	4	0.91249	9.71862
414	4	0.9115	9.28911
415	4	0.91068	9.21209
416	4	0.91267	9.29769
417	4	0.91316	9.0863
418	4	0.91468	9.24664
419	4	0.91299	9.58351
420	4	0.91262	9.12069
421	4	0.91286	9.60695
422	4	0.91291	9.11318
423	4	0.91326	9.10728
424	4	0.91449	9.01437
425	4	0.91504	9.17451
426	4	0.91219	8.90227
427	4	0.91199	9.47906
428	4	0.91386	9.15152
429	4	0.91337	9.30702
430	4	0.91367	9.34866
431	4	0.91449	9.3879
432	4	0.91371	9.07495
433	4	0.91328	9.2013
434	4	0.91266	8.92977
435	4	0.64654	49.2761
436	4	0.65493	43.6101
437	4	0.66528	39.2245
438	4	0.76428	23.6891
439	4	0.79851	20.8051
440	4	0.80354	20.7682
441	4	0.81338	21.2322
442	4	0.81521	21.2381
443	4	0.82422	20.7387
444	4	0.82444	20.7444
445	4	0.82605	20.0841
446	4	0.82904	20.0081
447	4	0.82757	19.9012
448	4	0.82979	19.6879
449	4	0.82892	20.1746
450	4	0.83137	19.3262
451	4	0.83477	19.4066
452	4	0.83238	19.674
453	4	0.83357	19.3236
454	4	0.83385	19.4192
455	4	0.83387	19.3623
456	4	0.83519	19.2839
457	4	0.66302	38.8564
458	4	0.66615	34.633
459	4	0.76745	21.3963
460	4	0.80109	18.5022
461	4	0.80954	18.3059
462	4	0.81585	18.6184
463	4	0.82167	18.2731
464	4	0.82196	18.6431
465	4	0.82686	18.7946
466	4	0.83059	18.6775
467	4	0.82973	18.4727
468	4	0.83062	18.4198
469	4	0.8316	18.9206
470	4	0.83066	18.0935
471	4	0.83275	18.3291
472	4	0.83315	18.163
473	4	0.83363	17.9271
474	4	0.8339	17.9022
475	4	0.83548	17.4551
476	4	0.83712	17.8828
477	4	0.67228	32.5349
478	4	0.7681	19.7458
479	4	0.80178	17.3308
480	4	0.81023	17.0572
481	4	0.81653	16.8825
482	4	0.82197	17.0741
483	4	0.8265	16.4989
484	4	0.82916	17.2062
485	4	0.82826	16.8584
486	4	0.83089	16.2369
487	4	0.83341	16.1093
488	4	0.83277	16.5661
489	4	0.83355	16.3331
490	4	0.83572	16.4276
491	4	0.83419	16.1918
492	4	0.83476	16.2891
493	4	0.83491	16.3543
494	4	0.83587	16.353
495	4	0.83698	16.0565
496	4	0.83756	13.9302
497	4	0.8618	13.1741
498	4	0.86278	12.4778
499	4	0.86904	12.1024
500	4	0.87602	12.2022
501	4	0.87909	12.2062
502	4	0.87999	11.7543
503	4	0.87965	11.808
504	4	0.88319	11.4507
505	4	0.88091	11.9788
506	4	0.88077	11.6781
507	4	0.88107	10.8102
508	4	0.88251	11.0415
509	4	0.88418	10.8922
510	4	0.88397	11.4746
511	4	0.88409	11.2205
512	4	0.88247	11.1854
513	4	0.88156	11.924
514	4	0.88517	11.524
515	4	0.88925	10.8452
516	4	0.89402	11.0479
517	4	0.89677	10.538
518	4	0.89588	10.4225
519	4	0.89736	10.278
520	4	0.89938	10.6609
521	4	0.89712	10.3754
522	4	0.89792	10.4069
523	4	0.89869	10.4688
524	4	0.89803	9.83275
525	4	0.89888	10.2646
526	4	0.89992	10.1718
527	4	0.89943	10.1014
528	4	0.90049	10.2793
529	4	0.88683	11.3816
530	4	0.89468	10.9588
531	4	0.89575	10.748
532	4	0.89664	10.6141
533	4	0.89741	10.5995
534	4	0.90047	10.5841
535	4	0.90062	10.3187
536	4	0.90162	10.0211
537	4	0.90153	10.0008
538	4	0.90248	10.2111
539	4	0.90225	10.1393
540	4	0.90135	9.97768
541	4	0.9031	10.0039
542	4	0.90242	9.79368
543	4	0.89593	10.3386
544	4	0.8993	10.1659
545	4	0.90308	10.1077
546	4	0.90289	10.3542
547	4	0.90443	10.1508
548	4	0.90528	10.0213
549	4	0.90549	9.6013
550	4	0.90674	10.1438
551	4	0.90485	9.73376
552	4	0.90713	9.47252
553	4	0.90543	9.82487
554	4	0.90669	9.92392
555	4	0.90565	9.61907
556	4	0.90278	10.2238
557	4	0.90512	10.0445
558	4	0.90579	9.69094
559	4	0.90853	10.0711
560	4	0.9074	9.56817
561	4	0.90715	9.6623
562	4	0.90818	9.41107
563	4	0.90813	9.70716
564	4	0.9098	9.51902
565	4	0.90879	9.22914
566	4	0.90974	9.55333
567	4	0.90761	9.8734
568	4	0.90841	9.87404
569	4	0.90922	9.7623
570	4	0.90914	9.36353
571	4	0.91083	9.84958
572	4	0.90925	9.83194
573	4	0.91099	9.35015
574	4	0.91083	9.68503
575	4	0.91169	9.49046
576	4	0.91045	9.17115
577	4	0.9097	9.71803
578	4	0.91084	10.0301
579	4	0.90853	9.48079
580	4	0.91063	9.4424
581	4	0.9114	9.24823
582	4	0.90908	9.72689
583	4	0.91262	9.46958
584	4	0.91172	9.11932
585	4	0.91038	9.54243
586	4	0.91175	9.66759
587	4	0.91129	9.51793
588	4	0.91077	9.41535
589	4	0.91127	9.2867
590	4	0.91049	9.34246
591	4	0.91115	9.26463
592	4	0.9126	9.4598
593	4	0.91119	9.08399
594	4	0.9123	9.16107
595	4	0.91225	9.01064
596	4	0.91022	9.17903
597	4	0.9125	8.79191
598	4	0.91191	8.70347
599	4	0.91394	9.00033
600	4	0.91217	9.19602
601	4	0.91398	9.21967
602	4	0.91197	9.21166
603	4	0.9123	9.35347
604	4	0.66782	35.5169
605	4	0.66678	31.9368
606	4	0.76831	19.1908
607	4	0.80408	16.7809
608	4	0.80656	17.2733
609	4	0.81594	17.0529
610	4	0.81917	16.7997
611	4	0.82449	16.9711
612	4	0.82574	16.9525
613	4	0.82737	17.0244
614	4	0.82771	16.1702
615	4	0.83179	16.9213
616	4	0.83394	16.5813
617	4	0.83235	16.2375
618	4	0.83336	16.4438
619	4	0.83331	16.7037
620	4	0.83287	16.4873
621	4	0.83502	15.5655
622	4	0.83472	16.3374
623	4	0.8332	16.235
624	4	0.66668	28.7314
625	4	0.7688	17.651
626	4	0.80446	15.7803
627	4	0.80864	15.3306
628	4	0.81445	15.8272
629	4	0.8206	15.735
630	4	0.82614	15.2999
631	4	0.82895	15.3707
632	4	0.82693	15.1414
633	4	0.83076	15.2683
634	4	0.82889	15.5079
635	4	0.83391	15.4285
636	4	0.83415	14.9163
637	4	0.83267	15.1407
638	4	0.83379	14.8455
639	4	0.83405	14.5557
640	4	0.83524	15.4266
641	4	0.83551	15.0069
642	4	0.83778	12.7941
643	4	0.85982	11.5433
644	4	0.86532	11.0632
645	4	0.87044	11.2977
646	4	0.87666	10.8518
647	4	0.87595	11.271
648	4	0.87796	10.7055
649	4	0.87892	10.9806
650	4	0.8816	10.5402
651	4	0.88075	10.4645
652	4	0.88194	10.6951
653	4	0.88231	10.2201
654	4	0.881	10.2014
655	4	0.88329	10.1862
656	4	0.88433	10.528
657	4	0.88044	9.90953
658	4	0.88367	10.5049
659	4	0.87975	10.2833
660	4	0.88541	10.7225
661	4	0.88828	10.0983
662	4	0.89232	9.85154
663	4	0.89285	9.52747
664	4	0.89589	9.77913
665	4	0.89629	9.79257
666	4	0.89875	9.26192
667	4	0.89735	8.98006
668	4	0.89811	9.35855
669	4	0.89698	9.52786
670	4	0.89841	9.14822
671	4	0.89881	9.30212
672	4	0.90042	9.00605
673	4	0.89804	9.21961
674	4	0.88728	10.2425
675	4	0.89082	9.74464
676	4	0.89443	9.5037
677	4	0.89712	9.4474
678	4	0.89891	8.88462
679	4	0.89826	9.13094
680	4	0.89843	9.373
681	4	0.90083	8.96991
682	4	0.90069	8.88517
683	4	0.90077	9.36693
684	4	0.90256	9.1985
685	4	0.90226	9.30662
686	4	0.90114	8.74058
687	4	0.90286	9.13285
688	4	0.89591	9.51974
689	4	0.90059	9.65374
690	4	0.90034	9.42246
691	4	0.90214	9.32652
692	4	0.90348	8.90338
693	4	0.9037	9.00506
694	4	0.9057	9.10213
695	4	0.9039	9.02214
696	4	0.9061	9.18703
697	4	0.9048	8.71679
698	4	0.90355	8.75117
699	4	0.90516	9.00275
700	4	0.89873	9.37522
701	4	0.90289	9.54612
702	4	0.90343	9.16731
703	4	0.90532	9.18255
704	4	0.90561	9.00457
705	4	0.90592	8.53521
706	4	0.90645	8.47769
707	4	0.90661	8.45847
708	4	0.90785	8.83593
709	4	0.90742	8.69689
710	4	0.90862	8.51182
711	4	0.90409	9.08674
712	4	0.90748	9.05562
713	4	0.90956	8.36145
714	4	0.90723	8.54286
715	4	0.90897	8.51473
716	4	0.90921	8.70373
717	4	0.90772	8.70359
718	4	0.90959	8.77428
719	4	0.90971	8.42678
720	4	0.9098	8.39791
721	4	0.90772	8.97499
722	4	0.90842	8.21308
723	4	0.90907	8.94983
724	4	0.9091	8.74018
725	4	0.90996	8.34456
726	4	0.91142	8.30397
727	4	0.90968	8.58688
728	4	0.90941	9.20194
729	4	0.90872	8.6244
730	4	0.91001	8.09449
731	4	0.91078	8.77588
732	4	0.91104	8.38815
733	4	0.91076	8.51862
734	4	0.90925	8.57198
735	4	0.91142	8.29969
736	4	0.91018	8.54699
737	4	0.91019	8.42904
738	4	0.91117	8.19331
739	4	0.9109	8.33713
740	4	0.91404	8.37156
741	4	0.91265	8.65002
742	4	0.91188	8.40268
743	4	0.9097	8.40908
744	4	0.67442	27.2925
745	4	0.77008	16.542
746	4	0.80375	14.8761
747	4	0.80908	14.6878
748	4	0.81687	14.3993
749	4	0.81973	14.1557
750	4	0.82579	13.8011
751	4	0.8271	14.6857
752	4	0.83121	14.234
753	4	0.83045	13.6014
754	4	0.83255	13.8939
755	4	0.83165	13.8216
756	4	0.83239	13.6252
757	4	0.83344	13.0758
758	4	0.83396	14.1171
759	4	0.8341	13.989
760	4	0.83506	13.681
761	4	0.8333	13.4548
762	4	0.83571	11.4853
763	4	0.86195	10.556
764	4	0.86471	10.6062
765	4	0.86969	10.3768
766	4	0.8733	9.72341
767	4	0.87684	10.1464
768	4	0.87844	9.6234
769	4	0.87994	9.33421
770	4	0.87956	9.34532
771	4	0.88012	9.69379
772	4	0.87849	9.51812
773	4	0.88152	9.64625
774	4	0.88104	9.16488
775	4	0.88252	9.30239
776	4	0.88266	9.63738
777	4	0.88271	9.4565
778	4	0.88022	9.44313
779	4	0.88599	9.53038
780	4	0.8872	8.87186
781	4	0.88987	8.8433
782	4	0.89323	8.9065
783	4	0.89525	8.51339
784	4	0.8954	8.62399
785	4	0.89649	8.66557
786	4	0.89763	8.87284
787	4	0.89804	8.23163
788	4	0.89726	8.41017
789	4	0.89839	8.41265
790	4	0.89728	8.61443
791	4	0.89927	8.14809
792	4	0.8981	8.66892
793	4	0.88725	8.98219
794	4	0.89277	9.15162
795	4	0.89475	9.03224
796	4	0.89651	8.81637
797	4	0.89687	8.58154
798	4	0.89932	8.52195
799	4	0.90068	8.47031
800	4	0.90075	8.00078
801	4	0.89913	8.34756
802	4	0.90064	8.01695
803	4	0.90164	8.41174
804	4	0.90127	8.48701
805	4	0.90073	8.22782
806	4	0.8961	8.81405
807	4	0.89838	8.68662
808	4	0.90098	8.83606
809	4	0.90174	8.64951
810	4	0.90284	8.24549
811	4	0.90348	8.32644
812	4	0.90435	8.30876
813	4	0.90282	7.97178
814	4	0.9027	8.19046
815	4	0.904	7.7003
816	4	0.90392	8.00939
817	4	0.904	8.28968
818	4	0.90082	8.32878
819	4	0.90275	8.40064
820	4	0.90294	8.51314
821	4	0.90431	8.0237
822	4	0.90777	8.14177
823	4	0.90528	8.17922
824	4	0.90637	8.13713
825	4	0.90665	8.12996
826	4	0.90479	8.012
827	4	0.90458	8.27334
828	4	0.90472	8.44593
829	4	0.90813	7.94959
830	4	0.90684	7.66431
831	4	0.90685	8.12566
832	4	0.90541	8.13983
833	4	0.90761	7.92676
834	4	0.90671	8.18172
835	4	0.90888	7.70894
836	4	0.90723	8.27682
837	4	0.90629	8.281
838	4	0.90734	8.0276
839	4	0.9073	7.67267
840	4	0.90835	8.04074
841	4	0.90868	7.93536
842	4	0.90908	8.08479
843	4	0.90819	7.97853
844	4	0.9062	7.8368
845	4	0.90715	7.80231
846	4	0.90919	7.8468
847	4	0.90762	7.65415
848	4	0.90887	7.97779
849	4	0.90848	7.70855
850	4	0.90802	7.92375
851	4	0.90949	8.00262
852	4	0.90808	8.24991
853	4	0.9093	7.67715
854	4	0.90868	7.53789
855	4	0.91134	7.84414
856	4	0.90969	7.74511
857	4	0.90963	7.78449
858	4	0.88336	8.88105
859	4	0.89916	8.06284
860	4	0.90412	8.11779
861	4	0.90574	8.07274
862	4	0.90854	7.70054
863	4	0.91086	7.44956
864	4	0.9116	7.97939
865	4	0.91273	7.48023
866	4	0.91321	7.62681
867	4	0.91426	7.47697
868	4	0.91557	7.52277
869	4	0.91608	7.561
870	4	0.91349	7.19224
871	4	0.9142	7.05959
872	4	0.91545	7.25953
873	4	0.9146	7.38278
874	4	0.91353	7.68794
875	4	0.91665	7.83672
876	4	0.91931	7.49506
877	4	0.92139	7.20022
878	4	0.92285	7.33622
879	4	0.9236	7.12181
880	4	0.92555	7.31191
881	4	0.92311	6.8731
882	4	0.9234	6.91732
883	4	0.92566	6.6939
884	4	0.92475	6.67505
885	4	0.92548	6.75745
886	4	0.92495	7.09233
887	4	0.92559	7.14784
888	4	0.91779	7.12172
889	4	0.92068	6.98414
890	4	0.92421	7.25584
891	4	0.92436	6.82729
892	4	0.92561	6.89922
893	4	0.92794	6.80156
894	4	0.92671	6.66452
895	4	0.92729	6.7624
896	4	0.92706	6.77603
897	4	0.92672	6.77658
898	4	0.92836	6.4863
899	4	0.92784	6.73403
900	4	0.92817	6.75127
901	4	0.92324	7.05407
902	4	0.92459	7.08408
903	4	0.92672	6.73119
904	4	0.92893	6.68132
905	4	0.92764	6.73319
906	4	0.92837	6.93115
907	4	0.9295	6.99032
908	4	0.93004	6.60283
909	4	0.92886	6.84784
910	4	0.92916	6.44791
911	4	0.92917	6.82929
912	4	0.92649	6.74319
913	4	0.92926	6.78882
914	4	0.92865	6.67531
915	4	0.93037	6.67296
916	4	0.92961	6.43999
917	4	0.93034	6.717
918	4	0.92957	6.4207
919	4	0.93121	6.48988
920	4	0.93131	6.71214
921	4	0.93192	6.42664
922	4	0.92962	6.98978
923	4	0.93051	6.73756
924	4	0.9312	6.62795
925	4	0.9321	6.56026
926	4	0.93308	6.70565
927	4	0.93202	6.67365
928	4	0.93169	6.76294
929	4	0.93315	6.4649
930	4	0.93118	6.54959
931	4	0.93076	6.66356
932	4	0.93215	6.70378
933	4	0.93453	6.40899
934	4	0.93201	6.26195
935	4	0.93221	6.67839
936	4	0.93225	6.38591
937	4	0.93273	6.53571
938	4	0.93261	6.53941
939	4	0.93188	6.28813
940	4	0.93247	6.18708
941	4	0.93483	6.79579
942	4	0.93209	6.83295
943	4	0.93168	6.72141
944	4	0.93303	6.56036
945	4	0.93347	6.57026
946	4	0.93296	6.53064
947	4	0.93284	6.58652
948	4	0.93169	6.63404
949	4	0.92497	6.8586
950	4	0.92533	7.01803
951	4	0.92794	6.96698
952	4	0.9326	6.88601
953	4	0.93273	6.61436
954	4	0.93097	6.76101
955	4	0.93286	6.69664
956	4	0.93357	6.57834
957	4	0.93218	6.55722
958	4	0.93286	6.41722
959	4	0.93293	6.72451
960	4	0.93399	6.6115
961	4	0.9344	6.42258
962	4	0.9338	6.4708
963	4	0.92695	7.01765
964	4	0.9305	6.78331
965	4	0.93286	6.73195
966	4	0.93307	6.32295
967	4	0.93442	6.78476
968	4	0.93442	6.34205
969	4	0.93415	6.48116
970	4	0.93418	6.50365
971	4	0.93534	6.68808
972	4	0.93574	6.45524
973	4	0.93516	6.62476
974	4	0.93522	6.43996
975	4	0.93288	6.5117
976	4	0.93323	6.51375
977	4	0.93504	6.46316
978	4	0.93568	6.54967
979	4	0.93492	6.42834
980	4	0.93653	6.58733
981	4	0.93528	6.51515
982	4	0.93782	6.54936
983	4	0.93637	6.25675
984	4	0.93733	6.20442
985	4	0.93651	6.43666
986	4	0.93603	6.45573
987	4	0.93777	6.44206
988	4	0.93561	6.58819
989	4	0.93773	6.22314
990	4	0.93582	6.36229
991	4	0.93905	6.51574
992	4	0.93929	6.46743
993	4	0.93925	6.17984
994	4	0.93864	6.43247
995	4	0.93791	6.45339
996	4	0.93829	6.41983
997	4	0.93961	6.59587
998	4	0.93877	6.53119
999	4	0.9398	6.48452
1000	4	0.93989	6.28364
1001	4	0.94076	6.2286
1002	4	0.94055	6.49343
1003	4	0.93909	6.53649
1004	4	0.93951	6.06405
1005	4	0.94015	6.34129
1006	4	0.94018	6.31729
1007	4	0.93882	6.42086
1008	4	0.94033	6.29221
1009	4	0.93937	6.43758
1010	4	0.93894	6.55585
1011	4	0.93865	6.37298
1012	4	0.9389	6.30221
1013	4	0.93971	6.54507
1014	4	0.9408	6.49955
1016	4	0.94135	6.4521
1017	4	0.93896	6.41865
1018	4	0.93999	6.3275
1019	4	0.9404	6.47314
1020	4	0.92822	6.58121
1021	4	0.93246	6.81976
1022	4	0.93232	6.43772
1023	4	0.93478	6.6016
1024	4	0.93362	6.4278
1025	4	0.93571	6.45505
1026	4	0.93615	6.65575
1027	4	0.93588	6.44449
1028	4	0.93715	6.29033
1029	4	0.93586	6.14644
1030	4	0.93564	6.37175
1031	4	0.93603	6.36538
1032	4	0.93318	6.42926
1033	4	0.93476	6.48702
1034	4	0.9358	6.50286
1035	4	0.93659	6.77076
1036	4	0.9381	6.43966
1037	4	0.93753	6.19254
1038	4	0.93743	6.41666
1039	4	0.93812	6.33393
1040	4	0.93665	6.37156
1041	4	0.93902	6.37208
1042	4	0.93596	6.37363
1043	4	0.93755	6.40165
1044	4	0.93745	6.40454
1045	4	0.93868	6.30243
1046	4	0.9388	6.42452
1047	4	0.93888	6.17537
1048	4	0.93843	6.34565
1049	4	0.93896	6.49581
1050	4	0.93863	6.60524
1051	4	0.93634	6.30842
1052	4	0.93905	6.55102
1053	4	0.94034	6.22528
1054	4	0.93925	6.10177
1055	4	0.93941	6.40721
1056	4	0.93865	6.2473
1057	4	0.93883	6.40496
1058	4	0.93874	6.35627
1059	4	0.93984	6.15562
1060	4	0.94033	6.61989
1061	4	0.93983	6.5422
1062	4	0.93852	6.23197
1063	4	0.93907	6.19765
1064	4	0.93935	6.36103
1065	4	0.94036	6.30847
1066	4	0.94005	6.13018
1067	4	0.94006	6.4982
1068	4	0.93977	6.6479
1069	4	0.93994	6.52242
1070	4	0.94032	6.43145
1071	4	0.94153	6.29679
1072	4	0.93381	6.36881
1073	4	0.93661	6.31979
1074	4	0.93583	6.50382
1075	4	0.93768	6.65882
1076	4	0.93839	6.62923
1077	4	0.93914	6.48016
1078	4	0.93929	6.6335
1079	4	0.93959	6.51056
1080	4	0.93889	6.69352
1081	4	0.93733	6.43845
1082	4	0.93483	6.06233
1083	4	0.9377	6.57489
1084	4	0.93952	6.27563
1085	4	0.93881	6.58871
1086	4	0.93809	6.23551
1087	4	0.9407	6.22448
1088	4	0.93998	6.59645
1089	4	0.93993	6.52623
1090	4	0.9395	6.18716
1091	4	0.93906	6.24836
1092	4	0.94048	6.52739
1093	4	0.9398	6.41692
1094	4	0.93982	6.38903
1095	4	0.94012	6.5502
1096	4	0.94094	6.31022
1097	4	0.94031	6.57292
1098	4	0.94057	6.31444
1099	4	0.9406	6.24922
1100	4	0.9411	6.33633
1101	4	0.9409	6.39513
1102	4	0.94002	6.58256
1103	4	0.94025	6.44731
1104	4	0.93987	6.60438
1105	4	0.94116	6.50256
1106	4	0.94016	6.36134
1107	4	0.94149	6.56797
1108	4	0.94082	6.32904
1109	4	0.93797	6.56946
1110	4	0.94021	6.39165
1111	4	0.93876	6.77468
1112	4	0.93963	6.28547
1113	4	0.93864	5.9822
1114	4	0.93962	6.30627
1115	4	0.94147	6.32044
1116	4	0.93987	6.35924
1117	4	0.93841	6.16904
1118	4	0.94025	6.47238
1119	4	0.9396	6.46247
1120	4	0.93964	6.39757
1121	4	0.94049	6.41567
1122	4	0.9413	6.52421
1123	4	0.94055	6.42997
1124	4	0.94079	6.62476
1125	4	0.94129	6.49349
1126	4	0.9413	6.18999
1127	4	0.94104	6.40645
1128	4	0.93992	6.48493
1129	4	0.94167	6.72625
1130	4	0.94133	6.57522
1131	4	0.941	6.65359
1132	4	0.94007	6.38722
1133	4	0.94065	6.34105
1134	4	0.93907	6.3459
1135	4	0.94083	6.56292
1136	4	0.9404	6.22644
1137	4	0.94138	6.28169
1138	4	0.93955	6.48219
1139	4	0.94138	6.22432
1140	4	0.94011	6.42487
1141	4	0.94187	6.50269
1142	4	0.9399	6.39869
1143	4	0.94113	6.34408
1144	4	0.94216	6.46058
1145	4	0.94142	6.4725
1146	4	0.94034	6.42139
1147	4	0.94114	6.17755
1148	4	0.94177	6.6525
1149	4	0.94199	6.54454
1150	4	0.94187	6.67442
1151	4	0.94047	6.60933
1152	4	0.94114	6.40834
1153	4	0.94201	6.48799
1154	4	0.94126	6.5361
1155	4	0.9402	6.65666
1156	5	0.64899	144.817
1157	5	0.65069	143.804
1158	5	0.6472	140.055
1159	5	0.66246	127.427
1160	5	0.76423	96.431
1161	5	0.79566	88.5508
1162	5	0.80678	86.5185
1163	5	0.81229	86.1803
1164	5	0.81761	87.4607
1165	5	0.82362	87.0572
1166	5	0.82534	85.9964
1167	5	0.82583	87.4818
1168	5	0.82959	84.5577
1169	5	0.8304	85.3551
1170	5	0.83234	83.7602
1171	5	0.83355	85.2134
1172	5	0.83321	84.4062
1173	5	0.83515	84.304
1174	5	0.83437	85.2865
1175	5	0.83471	85.1929
1176	5	0.83473	83.2255
1177	5	0.83412	84.1436
1178	5	0.83451	83.272
1179	5	0.64929	140.875
1180	5	0.65127	135.082
1181	5	0.66616	124.509
1182	5	0.76516	94.055
1183	5	0.79772	88.9211
1184	5	0.80568	87.6011
1185	5	0.81331	84.6662
1186	5	0.81946	84.9704
1187	5	0.82361	85.2801
1188	5	0.82399	84.6351
1189	5	0.8272	83.1364
1190	5	0.82918	83.3565
1191	5	0.82936	83.5994
1192	5	0.82983	82.9604
1193	5	0.83142	82.5675
1194	5	0.83027	81.2611
1195	5	0.83392	82.5449
1196	5	0.83284	82.7867
1197	5	0.83529	83.3033
1198	5	0.83423	82.7368
1199	5	0.83461	81.9114
1200	5	0.83305	81.2097
1201	5	0.65267	130.488
1202	5	0.66359	121.437
1203	5	0.76462	93.2996
1204	5	0.80148	86.0142
1205	5	0.80442	85.0132
1206	5	0.81071	84.5851
1207	5	0.81776	84.444
1208	5	0.82247	83.6751
1209	5	0.82322	84.3418
1210	5	0.82708	82.5133
1211	5	0.8288	81.9874
1212	5	0.83236	81.6187
1213	5	0.83031	80.48
1214	5	0.83003	81.7722
1215	5	0.83172	80.643
1216	5	0.83146	80.8523
1217	5	0.83415	81.3941
1218	5	0.83422	80.3152
1219	5	0.83192	82.586
1220	5	0.83228	79.2984
1221	5	0.67162	113.116
1222	5	0.7721	87.2369
1223	5	0.80286	80.9991
1224	5	0.81008	82.2745
1225	5	0.8178	80.4558
1226	5	0.82284	78.692
1227	5	0.82788	77.9208
1228	5	0.82898	78.9994
1229	5	0.83228	78.6487
1230	5	0.83372	77.9305
1231	5	0.83372	76.4179
1232	5	0.83645	76.3011
1233	5	0.83519	76.8789
1234	5	0.83721	77.6916
1235	5	0.83818	77.57
1236	5	0.83396	76.8996
1237	5	0.83872	78.191
1238	5	0.83686	76.3571
1239	5	0.83581	75.3968
1240	5	0.84145	73.2353
1241	5	0.86215	68.8843
1242	5	0.86902	67.6161
1243	5	0.87364	66.0614
1244	5	0.87606	65.8549
1245	5	0.8799	66.7815
1246	5	0.88055	64.8845
1247	5	0.88191	65.2739
1248	5	0.8814	64.9008
1249	5	0.88471	64.0467
1250	5	0.88455	64.8342
1251	5	0.88534	62.8753
1252	5	0.88477	63.1505
1253	5	0.88512	62.9669
1254	5	0.88354	63.8638
1255	5	0.88605	64.4668
1256	5	0.88424	64.7176
1257	5	0.8813	65.4849
1258	5	0.88513	63.4279
1259	5	0.89012	62.7187
1260	5	0.89323	61.6673
1261	5	0.89641	61.3628
1262	5	0.89709	60.3955
1263	5	0.90075	60.542
1264	5	0.89997	59.9524
1265	5	0.89909	59.5712
1266	5	0.89995	60.5642
1267	5	0.90103	58.2797
1268	5	0.90156	59.8438
1269	5	0.90274	59.2877
1270	5	0.90165	58.4683
1271	5	0.90251	59.4947
1272	5	0.9018	57.8505
1273	5	0.88876	61.6358
1274	5	0.89373	60.3043
1275	5	0.89546	59.8591
1276	5	0.90154	58.7914
1277	5	0.90022	57.7833
1278	5	0.90074	58.6359
1279	5	0.90348	58.7904
1280	5	0.90419	57.6077
1281	5	0.90439	57.8857
1282	5	0.90328	58.4802
1283	5	0.9054	57.0184
1284	5	0.90461	58.8545
1285	5	0.9047	58.1595
1286	5	0.9053	57.2568
1287	5	0.89853	61.4553
1288	5	0.90297	59.8206
1289	5	0.90383	60.3888
1290	5	0.90335	58.7479
1291	5	0.90621	58.6025
1292	5	0.90577	56.5601
1293	5	0.90628	57.7202
1294	5	0.90714	57.3506
1295	5	0.90614	56.1796
1296	5	0.9088	58.7788
1297	5	0.90802	56.9658
1298	5	0.90798	56.0332
1299	5	0.90823	56.3455
1300	5	0.90494	58.9785
1301	5	0.9067	56.8813
1302	5	0.90737	57.4807
1303	5	0.90683	57.8235
1304	5	0.90773	55.7765
1305	5	0.91069	56.7395
1306	5	0.90945	56.0055
1307	5	0.91005	55.6791
1308	5	0.9099	56.1732
1309	5	0.91003	55.7827
1310	5	0.91023	56.1624
1311	5	0.90703	56.2291
1312	5	0.90966	56.4786
1313	5	0.91188	57.6725
1314	5	0.91171	55.5797
1315	5	0.91165	56.9992
1316	5	0.91284	56.2328
1317	5	0.9116	55.7833
1318	5	0.91301	54.5225
1319	5	0.91154	56.1929
1320	5	0.9117	55.681
1321	5	0.91107	55.6513
1322	5	0.91037	55.5224
1323	5	0.91142	55.5916
1324	5	0.91233	55.3172
1325	5	0.91047	54.9121
1326	5	0.91298	55.2326
1327	5	0.91427	54.5666
1328	5	0.9134	54.0405
1329	5	0.911	55.8793
1330	5	0.91324	54.2645
1331	5	0.91259	54.8372
1332	5	0.9134	54.9259
1333	5	0.91478	54.3132
1334	5	0.91468	54.9704
1335	5	0.91456	55.2878
1336	5	0.91363	53.5785
1337	5	0.91363	54.9654
1338	5	0.91416	54.6531
1339	5	0.91401	53.9247
1340	5	0.91569	55.1323
1341	5	0.91283	55.002
1342	5	0.91595	55.5053
1343	5	0.91531	54.1679
1344	5	0.91456	53.5051
1345	5	0.91377	54.3841
1346	5	0.91361	54.2648
1347	5	0.91663	54.4545
1348	5	0.64746	138.738
1349	5	0.65667	131.581
1350	5	0.66643	122.195
1351	5	0.76589	93.5165
1352	5	0.79848	85.7399
1353	5	0.80328	84.2661
1354	5	0.81401	84.8872
1355	5	0.81751	83.3249
1356	5	0.82118	84.0218
1357	5	0.82314	82.9909
1358	5	0.82706	84.0535
1359	5	0.8281	81.7401
1360	5	0.83002	81.9736
1361	5	0.83091	82.4321
1362	5	0.83121	81.7125
1363	5	0.83202	81.2034
1364	5	0.8328	81.2166
1365	5	0.83202	81.269
1366	5	0.83185	79.697
1367	5	0.83179	80.0922
1368	5	0.8335	79.4149
1369	5	0.66134	125.136
1370	5	0.67008	116.691
1371	5	0.76698	89.0118
1372	5	0.80117	81.2638
1373	5	0.80807	82.2785
1374	5	0.81643	84.1586
1375	5	0.82187	80.7383
1376	5	0.82354	80.8595
1377	5	0.82542	80.4201
1378	5	0.82902	80.5742
1379	5	0.8311	79.4451
1380	5	0.83113	78.7312
1381	5	0.83154	79.8814
1382	5	0.83327	78.8366
1383	5	0.83257	78.6902
1384	5	0.83235	79.4519
1385	5	0.83371	77.2613
1386	5	0.83331	78.8158
1387	5	0.83314	77.8338
1388	5	0.83465	79.209
1389	5	0.67853	107.842
1390	5	0.77525	84.8178
1391	5	0.80771	79.6155
1392	5	0.81225	78.3371
1393	5	0.82041	77.0796
1394	5	0.82492	79.041
1395	5	0.82635	76.9607
1396	5	0.83175	76.4083
1397	5	0.83348	76.7705
1398	5	0.83292	75.8289
1399	5	0.83452	75.5754
1400	5	0.83597	75.938
1401	5	0.83846	74.8089
1402	5	0.83716	76.4091
1403	5	0.83864	75.7462
1404	5	0.83651	76.2452
1405	5	0.83665	74.9707
1406	5	0.83777	76.4912
1407	5	0.83895	72.9551
1408	5	0.86338	67.1978
1409	5	0.86647	65.8856
1410	5	0.87448	64.7161
1411	5	0.87675	64.2987
1412	5	0.87978	61.9809
1413	5	0.87878	63.7698
1414	5	0.88298	63.6935
1415	5	0.88272	61.6642
1416	5	0.88257	62.6348
1417	5	0.8837	63.0514
1418	5	0.88531	62.6048
1419	5	0.8866	61.7187
1420	5	0.88668	62.3009
1421	5	0.88556	62.3405
1422	5	0.88568	62.9111
1423	5	0.88379	62.9319
1424	5	0.88434	63.0479
1425	5	0.88753	61.6938
1426	5	0.89071	62.6621
1427	5	0.89365	59.2293
1428	5	0.89685	59.869
1429	5	0.8988	59.0251
1430	5	0.89988	59.5006
1431	5	0.89982	58.5416
1432	5	0.90021	58.5178
1433	5	0.90147	58.342
1434	5	0.89939	57.5959
1435	5	0.90194	57.0944
1436	5	0.90334	56.7789
1437	5	0.90131	57.366
1438	5	0.90098	58.1912
1439	5	0.88921	59.3769
1440	5	0.89402	61.3592
1441	5	0.89622	60.2507
1442	5	0.90006	58.6716
1443	5	0.89902	58.7444
1444	5	0.90256	57.9134
1445	5	0.90293	57.8258
1446	5	0.9024	58.1283
1447	5	0.90429	57.1275
1448	5	0.90377	56.626
1449	5	0.90238	55.4379
1450	5	0.90343	56.5995
1451	5	0.90561	57.6935
1452	5	0.90326	56.6976
1453	5	0.90061	59.1147
1454	5	0.90167	58.7083
1455	5	0.90378	58.0981
1456	5	0.90444	56.7886
1457	5	0.90575	57.3342
1458	5	0.90609	55.7972
1459	5	0.90672	56.3669
1460	5	0.90705	56.7197
1461	5	0.90761	56.794
1462	5	0.90784	54.9715
1463	5	0.90811	54.7681
1464	5	0.90791	55.3067
1465	5	0.90621	57.6612
1466	5	0.90574	56.5576
1467	5	0.90889	56.1822
1468	5	0.90781	55.8555
1469	5	0.90919	54.8495
1470	5	0.90849	55.4501
1471	5	0.91053	55.4738
1472	5	0.91079	54.7585
1473	5	0.91005	56.0007
1474	5	0.90924	55.128
1475	5	0.91084	55.3783
1476	5	0.90979	54.8241
1477	5	0.91017	55.2978
1478	5	0.91088	55.6906
1479	5	0.9107	55.9574
1480	5	0.91209	54.1117
1481	5	0.91169	54.4622
1482	5	0.91113	53.7531
1483	5	0.91199	54.2102
1484	5	0.91184	54.1252
1485	5	0.91063	56.0875
1486	5	0.91109	54.8514
1487	5	0.91134	53.6326
1488	5	0.91225	54.6998
1489	5	0.91307	53.2576
1490	5	0.91189	53.931
1491	5	0.91224	54.459
1492	5	0.91288	54.8768
1493	5	0.91183	55.1778
1494	5	0.91216	53.575
1495	5	0.91432	53.0982
1496	5	0.91417	54.3774
1497	5	0.9123	52.6887
1498	5	0.91291	53.9999
1499	5	0.91365	53.7455
1500	5	0.91469	53.0725
1501	5	0.91401	53.8725
1502	5	0.9139	53.2842
1503	5	0.91531	54.5186
1504	5	0.91302	53.2014
1505	5	0.91415	53.2701
1506	5	0.91352	52.7385
1507	5	0.91349	53.6813
1508	5	0.91172	51.7913
1509	5	0.66769	120.434
1510	5	0.67278	111.935
1511	5	0.7704	85.3106
1512	5	0.80318	81.0413
1513	5	0.80834	80.1141
1514	5	0.81579	79.2714
1515	5	0.82344	79.3056
1516	5	0.82613	77.6791
1517	5	0.8272	77.9128
1518	5	0.82994	78.9611
1519	5	0.83147	77.135
1520	5	0.83149	77.2599
1521	5	0.83366	78.746
1522	5	0.83227	75.4984
1523	5	0.83313	76.7946
1524	5	0.83425	75.7993
1525	5	0.83558	75.8907
1526	5	0.83277	76.8197
1527	5	0.83405	76.5126
1528	5	0.68031	108.62
1529	5	0.77714	85.8085
1530	5	0.8068	78.2596
1531	5	0.8126	77.2862
1532	5	0.81963	75.3779
1533	5	0.82387	76.9483
1534	5	0.82827	76.07
1535	5	0.83027	76.7967
1536	5	0.83404	73.5112
1537	5	0.83427	76.1585
1538	5	0.83444	73.9409
1539	5	0.83518	75.1759
1540	5	0.83573	74.7917
1541	5	0.83418	73.9102
1542	5	0.83593	72.7771
1543	5	0.83659	74.8406
1544	5	0.8374	73.8855
1545	5	0.83891	73.2051
1546	5	0.84081	70.622
1547	5	0.86406	64.874
1548	5	0.86821	64.3771
1549	5	0.87453	64.5583
1550	5	0.8774	62.7762
1551	5	0.87921	63.1167
1552	5	0.88195	62.4643
1553	5	0.88057	62.9466
1554	5	0.88207	62.3654
1555	5	0.88308	60.6227
1556	5	0.88468	61.2452
1557	5	0.88351	60.5583
1558	5	0.88398	61.3457
1559	5	0.8849	59.8115
1560	5	0.88555	59.7916
1561	5	0.8853	61.3924
1562	5	0.88335	62.8285
1563	5	0.8876	59.7309
1564	5	0.89087	60.224
1565	5	0.89273	59.9689
1566	5	0.89753	58.9201
1567	5	0.89714	58.0319
1568	5	0.89934	59.0837
1569	5	0.89962	56.1495
1570	5	0.90092	57.1559
1571	5	0.89919	56.0284
1572	5	0.90216	56.1825
1573	5	0.90077	57.2887
1574	5	0.89979	56.9006
1575	5	0.89978	57.0753
1576	5	0.9018	56.2028
1577	5	0.8907	58.7051
1578	5	0.89417	59.4386
1579	5	0.89678	58.6429
1580	5	0.90091	55.9829
1581	5	0.90133	56.426
1582	5	0.90064	56.2404
1583	5	0.90167	55.3318
1584	5	0.90323	56.8446
1585	5	0.90218	56.2228
1586	5	0.90565	55.4563
1587	5	0.90394	55.9715
1588	5	0.90479	54.8084
1589	5	0.90463	55.4303
1590	5	0.89882	57.9561
1591	5	0.90206	57.1727
1592	5	0.90345	55.9719
1593	5	0.90374	55.2587
1594	5	0.90563	53.8124
1595	5	0.90737	54.0303
1596	5	0.90747	53.8606
1597	5	0.9084	54.8415
1598	5	0.90724	55.2276
1599	5	0.9063	55.0213
1600	5	0.90725	53.7893
1601	5	0.9077	53.7811
1602	5	0.90456	56.6167
1603	5	0.90731	56.7313
1604	5	0.90785	55.5525
1605	5	0.90681	55.6825
1606	5	0.90912	54.5057
1607	5	0.90827	55.9164
1608	5	0.91013	55.1006
1609	5	0.90977	54.9708
1610	5	0.90999	53.7177
1611	5	0.91056	54.1363
1612	5	0.90933	53.8804
1613	5	0.90937	54.5621
1614	5	0.9087	54.5185
1615	5	0.91134	55.0177
1616	5	0.91236	54.2516
1617	5	0.91168	52.2335
1618	5	0.91251	54.3015
1619	5	0.91167	54.0607
1620	5	0.91157	53.535
1621	5	0.90998	54.4231
1622	5	0.91176	52.4159
1623	5	0.91218	53.4359
1624	5	0.91226	53.1268
1625	5	0.91039	52.489
1626	5	0.91147	52.8009
1627	5	0.91295	53.1027
1628	5	0.91123	53.5037
1629	5	0.91273	53.3926
1630	5	0.91245	53.5876
1631	5	0.91313	52.2548
1632	5	0.91408	53.8255
1633	5	0.91371	52.6144
1634	5	0.91311	52.9855
1635	5	0.91267	52.8156
1636	5	0.91269	52.3407
1637	5	0.91443	52.6074
1638	5	0.9139	51.0897
1639	5	0.91276	52.0779
1640	5	0.91362	52.1612
1641	5	0.91429	51.8758
1642	5	0.68635	102.949
1643	5	0.7788	80.9026
1644	5	0.81048	74.9514
1645	5	0.81636	73.7879
1646	5	0.82422	72.7306
1647	5	0.82681	72.7872
1648	5	0.83221	72.3009
1649	5	0.83651	71.4106
1650	5	0.83261	71.5346
1651	5	0.83765	71.9101
1652	5	0.83675	72.2643
1653	5	0.83938	69.8853
1654	5	0.83898	72.3714
1655	5	0.83915	70.7729
1656	5	0.83935	71.5808
1657	5	0.83912	70.9003
1658	5	0.84115	71.7176
1659	5	0.84498	68.4001
1660	5	0.86727	65.3823
1661	5	0.86989	62.1317
1662	5	0.87749	62.0729
1663	5	0.87967	60.6935
1664	5	0.88149	61.071
1665	5	0.88248	60.0039
1666	5	0.88513	60.4585
1667	5	0.88443	60.3874
1668	5	0.88431	58.9996
1669	5	0.88572	59.2335
1670	5	0.8865	58.2172
1671	5	0.88492	58.7615
1672	5	0.88567	58.4541
1673	5	0.88722	59.1407
1674	5	0.88866	59.4172
1675	5	0.88731	59.1965
1676	5	0.88833	57.4955
1677	5	0.89328	59.0796
1678	5	0.89516	57.1632
1679	5	0.89766	55.7483
1680	5	0.90047	55.3745
1681	5	0.90041	53.8622
1682	5	0.90041	54.8201
1683	5	0.90056	55.1394
1684	5	0.90278	55.6959
1685	5	0.9011	54.1033
1686	5	0.90318	56.0784
1687	5	0.90377	55.8623
1688	5	0.90316	54.0501
1689	5	0.89104	57.1357
1690	5	0.89606	57.1618
1691	5	0.89949	57.1807
1692	5	0.90109	55.9046
1693	5	0.90345	55.7591
1694	5	0.90478	54.8694
1695	5	0.90592	54.3945
1696	5	0.90425	53.8955
1697	5	0.9046	53.0224
1698	5	0.90579	54.8334
1699	5	0.90634	53.5081
1700	5	0.90519	52.7143
1701	5	0.90664	54.2117
1702	5	0.89961	55.8128
1703	5	0.90314	55.1949
1704	5	0.90513	55.1757
1705	5	0.90588	54.375
1706	5	0.90678	53.5963
1707	5	0.90753	53.0034
1708	5	0.90804	53.3803
1709	5	0.90792	52.3541
1710	5	0.90953	54.02
1711	5	0.90678	52.2908
1712	5	0.90898	53.4355
1713	5	0.90592	54.3614
1714	5	0.90808	53.9717
1715	5	0.90794	53.2049
1716	5	0.9096	51.955
1717	5	0.91064	52.8397
1718	5	0.91089	52.6989
1719	5	0.91184	51.4628
1720	5	0.91013	51.6935
1721	5	0.91283	52.2477
1722	5	0.91091	52.3122
1723	5	0.90771	53.6758
1724	5	0.91038	52.162
1725	5	0.91075	52.7907
1726	5	0.91146	51.8518
1727	5	0.91193	51.7924
1728	5	0.91222	51.6274
1729	5	0.91353	52.238
1730	5	0.91362	50.6821
1731	5	0.91166	52.8379
1732	5	0.91113	52.8704
1733	5	0.91319	51.1398
1734	5	0.91287	51.298
1735	5	0.91394	52.4289
1736	5	0.91239	51.6981
1737	5	0.91192	50.3835
1738	5	0.9106	50.5688
1739	5	0.91383	51.2767
1740	5	0.91253	51.48
1741	5	0.91585	50.9125
1742	5	0.91605	50.1578
1743	5	0.9143	51.3956
1744	5	0.91462	51.3645
1745	5	0.91468	51.0542
1746	5	0.91526	50.7001
1747	5	0.91488	51.2377
1748	5	0.91421	51.5375
1749	5	0.91516	51.669
1750	5	0.89047	59.3732
1751	5	0.90653	55.0308
1752	5	0.9076	54.4781
1753	5	0.91168	54.3681
1754	5	0.91377	54.5239
1755	5	0.91675	53.0459
1756	5	0.91787	51.8291
1757	5	0.91874	51.2105
1758	5	0.91944	51.7687
1759	5	0.91918	52.7997
1760	5	0.9196	51.6214
1761	5	0.91911	50.4915
1762	5	0.91998	50.3267
1763	5	0.91981	51.204
1764	5	0.91901	50.994
1765	5	0.91921	51.9955
1766	5	0.92095	51.9529
1767	5	0.92355	50.0692
1768	5	0.92621	51.028
1769	5	0.92761	48.7629
1770	5	0.92896	49.3619
1771	5	0.9294	48.564
1772	5	0.93004	48.4277
1773	5	0.92999	48.6289
1774	5	0.93061	47.9597
1775	5	0.93041	47.405
1776	5	0.9314	48.1905
1777	5	0.93015	47.6456
1778	5	0.93023	46.6275
1779	5	0.92208	50.0387
1780	5	0.92593	50.2208
1781	5	0.92878	49.738
1782	5	0.93022	48.0334
1783	5	0.93123	47.801
1784	5	0.93234	46.7644
1785	5	0.93027	47.0469
1786	5	0.93056	46.8767
1787	5	0.9315	46.7933
1788	5	0.93132	47.662
1789	5	0.93242	46.3363
1790	5	0.9327	46.4903
1791	5	0.92802	48.3427
1792	5	0.92949	48.3558
1793	5	0.93067	47.3484
1794	5	0.93307	46.4928
1795	5	0.9336	47.797
1796	5	0.93563	47.1731
1797	5	0.93469	46.7788
1798	5	0.93237	46.9588
1799	5	0.93489	45.49
1800	5	0.93458	46.099
1801	5	0.93515	46.6884
1802	5	0.93322	46.9244
1803	5	0.93425	46.205
1804	5	0.93693	45.6102
1805	5	0.93523	45.5245
1806	5	0.934	47.1697
1807	5	0.93614	46.385
1808	5	0.93634	46.2865
1809	5	0.93634	46.0004
1810	5	0.93692	44.8712
1811	5	0.93616	45.6576
1812	5	0.93548	44.8861
1813	5	0.93721	43.9489
1814	5	0.93752	45.9153
1815	5	0.93765	45.9173
1816	5	0.93612	45.1183
1817	5	0.93903	45.5906
1818	5	0.93787	46.1077
1819	5	0.93744	46.8687
1820	5	0.93714	44.6149
1821	5	0.93787	45.662
1822	5	0.9387	44.0932
1823	5	0.93905	44.1255
1824	5	0.93862	44.6595
1825	5	0.93894	45.2295
1826	5	0.93843	44.2992
1827	5	0.9383	44.7371
1828	5	0.93823	43.5007
1829	5	0.93743	44.6616
1830	5	0.93892	43.6955
1831	5	0.93904	45.3599
1832	5	0.93908	44.2798
1833	5	0.93884	44.3
1834	5	0.93779	44.149
1835	5	0.93034	49.7257
1836	5	0.93133	50.2066
1837	5	0.93557	48.2032
1838	5	0.93584	46.93
1839	5	0.9359	46.0349
1840	5	0.9387	46.7793
1841	5	0.9378	45.5318
1842	5	0.93885	46.7676
1843	5	0.93964	45.5268
1844	5	0.93907	44.6824
1845	5	0.93958	45.6796
1846	5	0.93965	46.0644
1847	5	0.9386	46.1387
1848	5	0.93434	47.671
1849	5	0.93488	46.4742
1850	5	0.93799	46.0807
1851	5	0.93907	45.5981
1852	5	0.9385	45.5532
1853	5	0.94011	45.7763
1854	5	0.94162	44.2042
1855	5	0.94136	43.7055
1856	5	0.94155	44.6299
1857	5	0.94153	44.0695
1858	5	0.94074	44.3796
1859	5	0.94118	43.5503
1860	5	0.93844	46.2864
1861	5	0.93949	45.2465
1862	5	0.94031	45.3519
1863	5	0.94301	43.5493
1864	5	0.94166	44.4367
1865	5	0.94469	43.8713
1866	5	0.94445	43.1982
1867	5	0.94374	43.528
1868	5	0.94266	42.2857
1869	5	0.94367	43.9913
1870	5	0.94115	43.8179
1871	5	0.9425	43.7568
1872	5	0.94331	44.9269
1873	5	0.94328	43.1718
1874	5	0.94442	42.473
1875	5	0.94508	42.5081
1876	5	0.94427	41.9397
1877	5	0.94607	43.1837
1878	5	0.94428	42.616
1879	5	0.94372	42.5145
1880	5	0.94521	43.3676
1881	5	0.946	42.8676
1882	5	0.94583	41.8198
1883	5	0.94552	43.0674
1884	5	0.94537	42.3434
1885	5	0.94468	43.1579
1886	5	0.94577	42.8881
1887	5	0.94475	42.0794
1888	5	0.94582	41.6528
1889	5	0.94804	43.1665
1890	5	0.94673	42.7315
1891	5	0.94614	42.355
1892	5	0.94673	41.8832
1893	5	0.94754	42.0841
1894	5	0.94633	42.1021
1895	5	0.94537	41.2874
1896	5	0.94687	40.557
1897	5	0.94468	42.2413
1898	5	0.9463	40.1213
1899	5	0.94628	41.3513
1900	5	0.93537	46.9889
1901	5	0.93873	45.5033
1902	5	0.93931	44.0497
1903	5	0.94176	44.6276
1904	5	0.94173	44.5578
1905	5	0.94188	44.0457
1906	5	0.94191	42.9583
1907	5	0.94427	42.4682
1908	5	0.94317	43.6327
1909	5	0.9429	42.5763
1910	5	0.94353	43.4226
1911	5	0.94074	44.1196
1912	5	0.94182	44.2553
1913	5	0.94239	43.0247
1914	5	0.9421	42.9871
1915	5	0.94433	42.2075
1916	5	0.94398	42.4294
1917	5	0.94513	42.3575
1918	5	0.94475	42.0883
1919	5	0.9473	42.8122
1920	5	0.94514	42.3645
1921	5	0.942	43.2723
1922	5	0.94503	43.6586
1923	5	0.94561	42.1291
1924	5	0.94558	40.8816
1925	5	0.94451	42.9965
1926	5	0.94538	41.8376
1927	5	0.94536	41.6155
1928	5	0.94626	42.2445
1929	5	0.94538	42.7012
1930	5	0.94511	42.4682
1931	5	0.9458	42.8046
1932	5	0.94633	41.3202
1933	5	0.94791	41.9279
1934	5	0.94624	40.5735
1935	5	0.94703	41.0782
1936	5	0.94653	41.5016
1937	5	0.94627	41.465
1938	5	0.94658	41.2955
1939	5	0.9472	40.4529
1940	5	0.94702	40.1043
1941	5	0.94712	40.1961
1942	5	0.94831	40.4161
1943	5	0.94674	40.7897
1944	5	0.94809	41.8917
1945	5	0.94782	40.5417
1946	5	0.948	40.5619
1947	5	0.94746	40.1874
1948	5	0.94145	42.9191
1949	5	0.94379	42.4812
1950	5	0.94405	43.1634
1951	5	0.94546	42.603
1952	5	0.94717	42.0871
1953	5	0.94519	40.7116
1954	5	0.94669	41.6447
1955	5	0.94732	40.8013
1956	5	0.94599	41.6043
1957	5	0.94441	42.2786
1958	5	0.94645	42.7313
1959	5	0.94633	41.3104
1960	5	0.94808	40.8458
1961	5	0.94761	41.2994
1962	5	0.94798	40.4666
1963	5	0.94792	40.7407
1964	5	0.94712	40.6858
1965	5	0.9465	41.3189
1966	5	0.94711	42.4123
1967	5	0.94834	40.7441
1968	5	0.9473	41.1317
1969	5	0.94785	41.1355
1970	5	0.94923	40.6214
1971	5	0.94771	40.0752
1972	5	0.94942	40.2137
1973	5	0.94885	41.6389
1974	5	0.94968	39.879
1975	5	0.9487	38.6717
1976	5	0.94981	39.9399
1977	5	0.95017	39.5892
1978	5	0.95006	40.7272
1979	5	0.95121	39.8574
1980	5	0.95038	40.807
1981	5	0.94714	41.1991
1982	5	0.94692	41.2253
1983	5	0.94654	40.0102
1984	5	0.94916	40.9751
1985	5	0.94818	39.7409
1986	5	0.94847	41.2248
1987	5	0.94803	39.0263
1988	5	0.94785	40.3846
1989	5	0.94748	40.4533
1990	5	0.94871	40.5869
1991	5	0.94929	40.4586
1992	5	0.94968	39.775
1993	5	0.94932	39.5027
1994	5	0.95028	39.3782
1995	5	0.95016	40.3801
1996	5	0.94983	39.7293
1997	5	0.94991	40.5749
1998	5	0.95051	39.7821
1999	5	0.94935	39.4595
2000	5	0.94976	38.718
2001	5	0.94999	40.5188
2002	5	0.9498	41.2283
2003	5	0.95087	40.5186
2004	5	0.95003	39.2447
2005	5	0.95019	39.1315
2006	5	0.94915	40.3386
2007	5	0.95047	40.5112
2008	5	0.94947	39.4196
2009	5	0.94981	38.0483
2010	5	0.95114	39.8057
2011	5	0.95073	40.0377
2012	5	0.95173	39.3677
2013	5	0.95111	39.7423
2014	5	0.95002	38.1969
2015	5	0.94975	39.5414
2016	5	0.9508	38.7092
2017	5	0.95082	39.071
2018	5	0.94986	39.6914
2019	5	0.95197	38.9798
2020	5	0.64725	135.56
2021	5	0.65658	126.698
2022	5	0.66642	114.853
2023	5	0.76557	89.4363
2024	5	0.79829	82.4851
2025	5	0.80577	84.0737
2026	5	0.81263	82.7568
2027	5	0.81664	83.4639
2028	5	0.82036	80.8608
2029	5	0.82583	81.1807
2030	5	0.82498	82.0117
2031	5	0.82789	80.683
2032	5	0.82753	81.9105
2033	5	0.82807	80.0865
2034	5	0.82986	79.8906
2035	5	0.82962	78.8083
2036	5	0.83148	78.7982
2037	5	0.83165	79.7206
2038	5	0.83115	79.5112
2039	5	0.83077	80.9176
2040	5	0.8302	79.8946
2041	5	0.66889	115.181
2042	5	0.67643	109.973
2043	5	0.77295	85.0663
2044	5	0.80519	79.6583
2045	5	0.81054	79.9741
2046	5	0.81616	79.4
2047	5	0.8208	78.556
2048	5	0.82492	76.9914
2049	5	0.82656	78.022
2050	5	0.82938	79.0091
2051	5	0.83192	77.9292
2052	5	0.83271	77.0403
2053	5	0.83248	75.1108
2054	5	0.83355	77.8297
2055	5	0.83475	75.5194
2056	5	0.83351	75.2847
2057	5	0.835	76.5784
2058	5	0.83688	76.3503
2059	5	0.83416	76.0722
2060	5	0.68322	107.132
2061	5	0.77514	81.948
2062	5	0.80815	75.2009
2063	5	0.81065	75.9032
2064	5	0.81894	76.1619
2065	5	0.82586	74.4298
2066	5	0.82958	75.2544
2067	5	0.83037	75.0143
2068	5	0.83494	74.5174
2069	5	0.83314	74.2328
2070	5	0.83428	74.891
2071	5	0.83706	72.8938
2072	5	0.83834	72.9473
2073	5	0.83799	73.7656
2074	5	0.83794	72.9456
2075	5	0.83485	73.318
2076	5	0.83877	73.9539
2077	5	0.838	74.3834
2078	5	0.84214	69.4723
2079	5	0.86272	65.2299
2080	5	0.86843	62.5838
2081	5	0.87195	63.5745
2082	5	0.87589	63.8588
2083	5	0.87884	63.0706
2084	5	0.88165	62.4651
2085	5	0.88074	61.7625
2086	5	0.88315	61.3377
2087	5	0.88286	60.6
2088	5	0.88371	61.4041
2089	5	0.88464	60.8396
2090	5	0.88456	61.1433
2091	5	0.88614	60.5744
2092	5	0.88577	60.5208
2093	5	0.88494	59.9717
2094	5	0.88314	62.044
2095	5	0.88623	59.6659
2096	5	0.89128	59.6483
2097	5	0.89364	58.9494
2098	5	0.89757	58.4521
2099	5	0.897	58.4226
2100	5	0.89798	57.7425
2101	5	0.89714	56.6921
2102	5	0.89973	56.2823
2103	5	0.89868	57.7263
2104	5	0.90015	56.3094
2105	5	0.90148	57.4429
2106	5	0.90185	56.6703
2107	5	0.89998	57.1388
2108	5	0.90207	57.0856
2109	5	0.88943	59.1044
2110	5	0.89398	59.5705
2111	5	0.8973	58.2035
2112	5	0.89978	57.1276
2113	5	0.90108	56.8782
2114	5	0.90222	55.4825
2115	5	0.90211	57.3517
2116	5	0.90217	56.4421
2117	5	0.90263	55.669
2118	5	0.90354	56.3468
2119	5	0.90236	55.7375
2120	5	0.90431	55.8931
2121	5	0.90436	54.6677
2122	5	0.89901	57.4789
2123	5	0.90052	57.0327
2124	5	0.90263	56.8209
2125	5	0.9034	56.5181
2126	5	0.90521	56.5174
2127	5	0.90417	54.7635
2128	5	0.90646	54.5869
2129	5	0.90696	54.3298
2130	5	0.90727	54.0709
2131	5	0.90741	54.284
2132	5	0.90805	54.8209
2133	5	0.90708	54.6768
2134	5	0.90471	56.4089
2135	5	0.9056	56.8779
2136	5	0.90533	55.5567
2137	5	0.90738	54.4988
2138	5	0.90839	53.8234
2139	5	0.90946	55.3798
2140	5	0.91057	54.9422
2141	5	0.9105	52.7613
2142	5	0.91008	54.5808
2143	5	0.91202	53.1211
2144	5	0.90822	56.167
2145	5	0.90765	54.7484
2146	5	0.90858	53.7717
2147	5	0.91167	53.2914
2148	5	0.91026	54.2213
2149	5	0.9115	53.481
2150	5	0.91215	52.6733
2151	5	0.91171	54.3331
2152	5	0.91229	52.7769
2153	5	0.91015	53.9328
2154	5	0.91024	53.4642
2155	5	0.91148	52.473
2156	5	0.91255	54.5703
2157	5	0.9116	54.2341
2158	5	0.91321	52.3636
2159	5	0.91245	52.1362
2160	5	0.91113	53.7712
2161	5	0.91236	52.8042
2162	5	0.91204	52.4358
2163	5	0.91468	52.7422
2164	5	0.91289	53.3413
2165	5	0.91207	52.036
2166	5	0.91273	52.4569
2167	5	0.91204	51.767
2168	5	0.91428	52.1374
2169	5	0.91317	52.7182
2170	5	0.9126	53.4907
2171	5	0.91379	51.8767
2172	5	0.91449	51.3081
2173	5	0.91337	52.6992
2174	5	0.67668	108.864
2175	5	0.68177	105.39
2176	5	0.7742	83.6226
2177	5	0.80368	77.4689
2178	5	0.81368	77.6386
2179	5	0.82034	74.2523
2180	5	0.82572	75.7097
2181	5	0.82878	75.6044
2182	5	0.83241	75.8151
2183	5	0.83304	75.8554
2184	5	0.83456	74.3718
2185	5	0.83507	72.8926
2186	5	0.83527	73.8049
2187	5	0.83602	74.9579
2188	5	0.83811	74.4414
2189	5	0.83911	74.1335
2190	5	0.83669	73.5834
2191	5	0.83866	73.7242
2192	5	0.83899	74.4551
2193	5	0.68709	102.519
2194	5	0.77947	79.5825
2195	5	0.81109	75.1966
2196	5	0.81653	76.2895
2197	5	0.82285	72.9325
2198	5	0.82725	74.5144
2199	5	0.82973	71.0299
2200	5	0.83494	72.6161
2201	5	0.83536	72.7328
2202	5	0.83821	71.7405
2203	5	0.83829	71.6547
2204	5	0.8391	71.8262
2205	5	0.83877	70.3184
2206	5	0.83896	69.9707
2207	5	0.83782	70.8384
2208	5	0.84051	70.7816
2209	5	0.84157	70.5034
2210	5	0.84649	69.5985
2211	5	0.86677	62.2381
2212	5	0.86981	62.7149
2213	5	0.87409	62.5363
2214	5	0.8799	61.3062
2215	5	0.88219	60.8571
2216	5	0.88316	60.5132
2217	5	0.88402	59.5957
2218	5	0.8834	59.2004
2219	5	0.88541	60.8363
2220	5	0.8859	59.0093
2221	5	0.88592	59.9321
2222	5	0.88518	59.2683
2223	5	0.88448	59.4664
2224	5	0.88806	59.8393
2225	5	0.8844	57.9299
2226	5	0.88367	60.5536
2227	5	0.88867	59.6605
2228	5	0.89488	58.2293
2229	5	0.89584	55.963
2230	5	0.89845	56.8344
2231	5	0.89822	57.1815
2232	5	0.90046	54.9344
2233	5	0.89998	55.0887
2234	5	0.90148	56.2935
2235	5	0.90195	55.5613
2236	5	0.90036	54.7735
2237	5	0.90287	55.6801
2238	5	0.9014	55.469
2239	5	0.90114	56.0566
2240	5	0.89038	57.9299
2241	5	0.89619	57.1838
2242	5	0.89854	57.9121
2243	5	0.90126	55.4753
2244	5	0.90146	54.654
2245	5	0.90329	55.1387
2246	5	0.90562	55.3334
2247	5	0.903	55.132
2248	5	0.90546	54.3593
2249	5	0.90313	53.4454
2250	5	0.90583	54.0564
2251	5	0.90333	54.5597
2252	5	0.90474	53.0698
2253	5	0.8982	56.1268
2254	5	0.89992	56.2185
2255	5	0.90243	54.8716
2256	5	0.90444	55.3435
2257	5	0.90556	53.5322
2258	5	0.90598	54.1119
2259	5	0.90763	53.9103
2260	5	0.90774	53.0651
2261	5	0.90728	54.438
2262	5	0.90641	52.3343
2263	5	0.90824	52.6107
2264	5	0.90428	54.3071
2265	5	0.90848	53.6845
2266	5	0.90855	52.1522
2267	5	0.90871	53.0394
2268	5	0.90883	53.1791
2269	5	0.90998	53.5776
2270	5	0.91026	53.6848
2271	5	0.91034	52.5826
2272	5	0.91026	53.4902
2273	5	0.90951	52.8128
2274	5	0.90793	53.42
2275	5	0.90927	54.1006
2276	5	0.91002	52.4678
2277	5	0.91029	52.0696
2278	5	0.91309	52.4547
2279	5	0.9135	53.6129
2280	5	0.91355	51.7153
2281	5	0.91352	51.3794
2282	5	0.91247	52.9137
2283	5	0.91076	52.9309
2284	5	0.91253	51.2006
2285	5	0.91185	50.882
2286	5	0.91208	52.7526
2287	5	0.91199	50.3387
2288	5	0.91147	50.7421
2289	5	0.91196	51.7701
2290	5	0.91258	51.3285
2291	5	0.91356	51.9717
2292	5	0.91453	51.6444
2293	5	0.91362	52.0872
2294	5	0.9153	52.5486
2295	5	0.91317	51.7662
2296	5	0.91387	51.0209
2297	5	0.91362	51.5963
2298	5	0.91375	51.1807
2299	5	0.91352	51.2934
2300	5	0.91434	51.2286
2301	5	0.6919	96.7395
2302	5	0.78303	76.015
2303	5	0.81345	72.2303
2304	5	0.81954	73.0563
2305	5	0.82528	71.5294
2306	5	0.82992	70.0984
2307	5	0.83539	70.9522
2308	5	0.83662	70.8417
2309	5	0.83553	69.6467
2310	5	0.83969	68.3287
2311	5	0.84144	69.5495
2312	5	0.8378	70.275
2313	5	0.84004	69.0817
2314	5	0.8407	67.6782
2315	5	0.84032	68.7077
2316	5	0.84217	67.8783
2317	5	0.8415	69.5584
2318	5	0.84667	64.6098
2319	5	0.86756	62.6715
2320	5	0.8735	62.1915
2321	5	0.87687	59.1194
2322	5	0.8801	58.8171
2323	5	0.88307	57.9604
2324	5	0.88654	58.7664
2325	5	0.88413	58.4244
2326	5	0.88554	58.4159
2327	5	0.88651	57.9817
2328	5	0.88682	57.4757
2329	5	0.88578	57.4895
2330	5	0.88745	56.5456
2331	5	0.88899	57.3461
2332	5	0.88756	56.042
2333	5	0.88552	58.0884
2334	5	0.88955	55.5079
2335	5	0.89257	56.4765
2336	5	0.89781	56.208
2337	5	0.89956	55.328
2338	5	0.89876	54.5892
2339	5	0.90093	54.3315
2340	5	0.90106	53.1614
2341	5	0.90224	54.9539
2342	5	0.90195	52.459
2343	5	0.90255	52.2306
2344	5	0.90266	53.109
2345	5	0.90233	54.6425
2346	5	0.90467	53.0559
2347	5	0.89221	56.9955
2348	5	0.89766	55.5622
2349	5	0.90046	54.5521
2350	5	0.90523	54.1428
2351	5	0.9024	53.7595
2352	5	0.9049	52.8275
2353	5	0.90428	51.8197
2354	5	0.9038	51.4683
2355	5	0.90338	52.348
2356	5	0.90553	53.0165
2357	5	0.90485	52.0789
2358	5	0.90541	51.9349
2359	5	0.90012	54.9994
2360	5	0.90364	54.1825
2361	5	0.90502	52.8292
2362	5	0.90694	52.6503
2363	5	0.9067	51.8354
2364	5	0.9087	53.0945
2365	5	0.90783	51.3577
2366	5	0.90876	50.8329
2367	5	0.91139	50.4921
2368	5	0.90763	50.4364
2369	5	0.90864	50.7263
2370	5	0.90679	52.3031
2371	5	0.90874	52.958
2372	5	0.90887	52.1565
2373	5	0.90891	51.127
2374	5	0.90964	51.3678
2375	5	0.91044	52.0306
2376	5	0.91111	50.792
2377	5	0.91235	51.7049
2378	5	0.9106	50.3694
2379	5	0.90912	52.0573
2380	5	0.91138	50.83
2381	5	0.91205	50.3257
2382	5	0.91109	50.9099
2383	5	0.91376	49.461
2384	5	0.91255	50.4196
2385	5	0.91203	50.2271
2386	5	0.91282	50.0086
2387	5	0.91147	51.8972
2388	5	0.91302	50.4311
2389	5	0.91256	50.4543
2390	5	0.91464	49.3099
2391	5	0.9112	50.9878
2392	5	0.9145	50.686
2393	5	0.91302	50.1787
2394	5	0.91247	49.6292
2395	5	0.9133	50.2241
2396	5	0.91369	50.6599
2397	5	0.91504	49.9956
2398	5	0.91361	49.6507
2399	5	0.91346	50.2463
2400	5	0.91494	49.801
2401	5	0.91523	49.0817
2402	5	0.91315	49.2994
2403	5	0.89071	57.3614
2404	5	0.90665	54.7692
2405	5	0.90776	54.3184
2406	5	0.91306	52.747
2407	5	0.91493	51.0839
2408	5	0.91601	51.5757
2409	5	0.91718	52.3025
2410	5	0.9173	51.1673
2411	5	0.9176	50.259
2412	5	0.91949	50.2237
2413	5	0.91991	50.9715
2414	5	0.91783	48.6915
2415	5	0.9201	50.3719
2416	5	0.92027	49.1863
2417	5	0.91924	49.0708
2418	5	0.91814	50.4858
2419	5	0.92016	52.0105
2420	5	0.92512	49.7372
2421	5	0.92475	48.9037
2422	5	0.9277	48.6155
2423	5	0.92893	47.2302
2424	5	0.92893	47.0116
2425	5	0.93035	48.0617
2426	5	0.9301	47.9795
2427	5	0.92998	46.1842
2428	5	0.9298	46.9892
2429	5	0.92961	46.4066
2430	5	0.93136	46.7527
2431	5	0.92379	49.0832
2432	5	0.92644	48.295
2433	5	0.92661	47.1832
2434	5	0.92887	47.3819
2435	5	0.93056	46.8184
2436	5	0.93239	45.6343
2437	5	0.93035	46.9084
2438	5	0.93222	46.7067
2439	5	0.93182	45.354
2440	5	0.93198	44.9349
2441	5	0.93331	45.9095
2442	5	0.93333	46.0473
2443	5	0.92815	48.0384
2444	5	0.9302	47.1134
2445	5	0.93123	47.8944
2446	5	0.93091	46.088
2447	5	0.93229	46.2864
2448	5	0.93433	45.0661
2449	5	0.93355	43.7759
2450	5	0.93398	44.5463
2451	5	0.93391	44.7907
2452	5	0.93553	45.4072
2453	5	0.93254	45.5061
2454	5	0.93238	46.6779
2455	5	0.93544	45.2614
2456	5	0.93551	44.6242
2457	5	0.93354	45.8272
2458	5	0.9357	44.644
2459	5	0.93726	44.1355
2460	5	0.93626	45.1571
2461	5	0.93652	44.1704
2462	5	0.93565	45.6836
2463	5	0.93619	44.8495
2464	5	0.93711	43.4352
2465	5	0.93594	44.9797
2466	5	0.93677	45.5571
2467	5	0.93827	44.9536
2468	5	0.93735	43.0096
2469	5	0.9364	44.3485
2470	5	0.93622	44.0309
2471	5	0.93711	44.2333
2472	5	0.93752	42.7409
2473	5	0.93774	43.3426
2474	5	0.93805	43.4464
2475	5	0.93902	43.8462
2476	5	0.93745	44.5878
2477	5	0.93699	42.8318
2478	5	0.93821	43.9315
2479	5	0.93842	43.2127
2480	5	0.93802	43.457
2481	5	0.93835	43.4682
2482	5	0.93681	42.9484
2483	5	0.92977	49.1329
2484	5	0.93089	47.2416
2485	5	0.93567	48.3614
2486	5	0.93616	46.7101
2487	5	0.93671	45.2481
2488	5	0.93895	45.5633
2489	5	0.937	45.3264
2490	5	0.93805	43.8785
2491	5	0.93875	44.0264
2492	5	0.93973	43.7889
2493	5	0.93935	43.8052
2494	5	0.93897	44.2192
2495	5	0.94019	44.0932
2496	5	0.93409	46.4371
2497	5	0.93598	43.7889
2498	5	0.9372	45.2836
2499	5	0.93923	45.0253
2500	5	0.9398	43.1586
2501	5	0.94026	43.361
2502	5	0.94046	42.8059
2503	5	0.94166	43.6445
2504	5	0.94277	43.5125
2505	5	0.94183	42.9727
2506	5	0.94077	43.5771
2507	5	0.93805	46.7356
2508	5	0.94002	42.3356
2509	5	0.94191	43.8314
2510	5	0.94252	42.7468
2511	5	0.94294	43.3879
2512	5	0.94194	43.5642
2513	5	0.94327	42.123
2514	5	0.94299	41.1841
2515	5	0.94283	41.5611
2516	5	0.94241	43.1306
2517	5	0.94207	44.4421
2518	5	0.94165	42.6683
2519	5	0.94367	42.7394
2520	5	0.94384	41.8758
2521	5	0.94483	42.874
2522	5	0.94373	42.3379
2523	5	0.94574	41.4118
2524	5	0.94618	41.1899
2525	5	0.94469	43.3662
2526	5	0.94375	42.415
2527	5	0.94411	41.0989
2528	5	0.94521	41.9297
2529	5	0.94545	42.4216
2530	5	0.94501	40.9242
2531	5	0.94582	41.2478
2532	5	0.94464	42.4602
2533	5	0.94547	41.5431
2534	5	0.94616	40.3165
2535	5	0.94652	40.3317
2536	5	0.94559	40.8392
2537	5	0.94544	40.695
2538	5	0.9474	40.2617
2539	5	0.94557	40.3718
2540	5	0.94711	42.2522
2541	5	0.94704	40.6929
2542	5	0.9466	39.8264
2543	5	0.946	40.9871
2544	5	0.93536	44.807
2545	5	0.93765	45.0223
2546	5	0.9382	44.42
2547	5	0.941	43.4576
2548	5	0.94236	44.0491
2549	5	0.94051	42.091
2550	5	0.94056	40.898
2551	5	0.94277	42.9405
2552	5	0.9414	41.3259
2553	5	0.94218	42.0751
2554	5	0.94178	42.1089
2555	5	0.94163	43.9738
2556	5	0.94001	42.9193
2557	5	0.94349	42.6382
2558	5	0.94374	42.4518
2559	5	0.94374	41.5653
2560	5	0.94491	41.2993
2561	5	0.94368	40.893
2562	5	0.94429	40.753
2563	5	0.94426	41.9561
2564	5	0.943	42.0005
2565	5	0.94463	41.2507
2566	5	0.94367	41.1035
2567	5	0.94488	40.23
2568	5	0.94528	41.6421
2569	5	0.94632	40.2459
2570	5	0.94461	41.2992
2571	5	0.94592	41.7046
2572	5	0.94419	40.8287
2573	5	0.94559	39.7537
2574	5	0.94603	41.0048
2575	5	0.94756	40.6465
2576	5	0.9461	40.3808
2577	5	0.94524	39.3704
2578	5	0.94557	40.0508
2579	5	0.94572	40.3378
2580	5	0.9463	40.4084
2581	5	0.94761	39.6865
2582	5	0.94804	39.9019
2583	5	0.94668	40.4765
2584	5	0.94768	40.1673
2585	5	0.94768	39.4932
2586	5	0.94683	40.0275
2587	5	0.94884	39.4546
2588	5	0.9418	42.8339
2589	5	0.94266	42.2675
2590	5	0.94423	41.8863
2591	5	0.94543	42.4594
2592	5	0.94562	41.4893
2593	5	0.94571	41.3028
2594	5	0.94599	39.7449
2595	5	0.94595	40.4661
2596	5	0.94517	39.9072
2597	5	0.94529	41.8697
2598	5	0.94723	40.833
2599	5	0.94752	40.8402
2600	5	0.94622	39.4121
2601	5	0.9463	40.4312
2602	5	0.94774	40.0075
2603	5	0.94705	39.5003
2604	5	0.9464	41.2739
2605	5	0.9483	40.4423
2606	5	0.94903	40.3903
2607	5	0.94698	39.1145
2608	5	0.94794	38.731
2609	5	0.9477	38.721
2610	5	0.94891	40.4655
2611	5	0.94734	40.4434
2612	5	0.94841	40.4263
2613	5	0.94941	40.0412
2614	5	0.94957	40.3969
2615	5	0.94854	38.5874
2616	5	0.94944	39.1099
2617	5	0.94921	38.8588
2618	5	0.94555	40.9926
2619	5	0.94836	39.8902
2620	5	0.94889	40.2658
2621	5	0.94757	39.9389
2622	5	0.94929	39.8032
2623	5	0.94746	39.8846
2624	5	0.94917	39.3122
2625	5	0.94682	40.4335
2626	5	0.94863	40.0497
2627	5	0.94997	39.0966
2628	5	0.94823	39.196
2629	5	0.94981	39.6583
2630	5	0.9493	39.2271
2631	5	0.94814	38.204
2632	5	0.94936	38.3041
2633	5	0.94923	39.0105
2634	5	0.95026	39.5218
2635	5	0.94864	38.6086
2636	5	0.94911	37.9522
2637	5	0.94819	39.6357
2638	5	0.94887	39.7679
2639	5	0.94898	39.6701
2640	5	0.94906	39.6129
2641	5	0.94902	39.1025
2642	5	0.94985	39.3064
2643	5	0.94927	38.3747
2644	5	0.9492	38.9024
2645	5	0.95057	37.7982
2646	5	0.95142	39.4597
2647	5	0.95033	39.2798
2648	5	0.94878	39.2999
2649	5	0.95101	37.8226
2650	5	0.9514	38.7389
2651	5	0.95046	39.7445
2652	5	0.68279	103.16
2653	5	0.68413	100.392
2654	5	0.77738	80.3475
2655	5	0.80851	75.4876
2656	5	0.81197	73.5745
2657	5	0.82438	73.083
2658	5	0.8273	74.0825
2659	5	0.83186	73.6463
2660	5	0.83263	71.3862
2661	5	0.83368	73.353
2662	5	0.83529	72.3149
2663	5	0.83756	72.6757
2664	5	0.83748	71.348
2665	5	0.83728	71.1344
2666	5	0.83875	71.8504
2667	5	0.83795	72.0854
2668	5	0.84026	71.8837
2669	5	0.83991	71.1536
2670	5	0.68922	97.8225
2671	5	0.78241	79.827
2672	5	0.81138	73.5205
2673	5	0.81968	73.8031
2674	5	0.82292	72.7463
2675	5	0.82747	71.1089
2676	5	0.83054	71.9279
2677	5	0.83342	70.7949
2678	5	0.83612	71.2776
2679	5	0.83739	70.8852
2680	5	0.84022	68.1583
2681	5	0.83887	69.4044
2682	5	0.83885	70.356
2683	5	0.83861	69.9199
2684	5	0.84015	68.986
2685	5	0.8411	69.7257
2686	5	0.84059	69.2307
2687	5	0.84379	66.971
2688	5	0.86801	62.3508
2689	5	0.8709	61.7404
2690	5	0.87497	60.2984
2691	5	0.87834	60.936
2692	5	0.88249	58.9789
2693	5	0.883	59.4727
2694	5	0.88269	59.6169
2695	5	0.88503	59.6106
2696	5	0.88413	59.1961
2697	5	0.88556	57.9702
2698	5	0.88552	56.774
2699	5	0.8881	57.9893
2700	5	0.88665	58.1413
2701	5	0.8862	57.893
2702	5	0.88408	58.018
2703	5	0.88874	58.606
2704	5	0.89095	57.2027
2705	5	0.89631	55.8864
2706	5	0.89907	55.8902
2707	5	0.89819	55.3884
2708	5	0.90064	55.3263
2709	5	0.9017	54.4007
2710	5	0.90072	54.429
2711	5	0.90174	53.8611
2712	5	0.90256	54.8839
2713	5	0.90031	54.9326
2714	5	0.90205	54.1009
2715	5	0.90259	53.5645
2716	5	0.89199	55.5919
2717	5	0.89604	55.4623
2718	5	0.89736	55.9305
2719	5	0.90089	54.5824
2720	5	0.90268	53.4771
2721	5	0.90393	52.3972
2722	5	0.90379	51.6366
2723	5	0.90328	53.1031
2724	5	0.90475	54.3992
2725	5	0.90365	53.2949
2726	5	0.9054	52.5863
2727	5	0.90428	51.8806
2728	5	0.90105	54.7609
2729	5	0.90169	53.6652
2730	5	0.90455	53.1952
2731	5	0.90621	53.5313
2732	5	0.90526	52.3224
2733	5	0.90661	52.3334
2734	5	0.90791	51.8546
2735	5	0.90811	51.5048
2736	5	0.90838	51.8054
2737	5	0.907	51.9736
2738	5	0.90795	51.657
2739	5	0.90347	53.3524
2740	5	0.90606	51.8536
2741	5	0.90698	53.4644
2742	5	0.90782	53.8646
2743	5	0.91009	50.6186
2744	5	0.91028	51.4019
2745	5	0.9107	51.7231
2746	5	0.90975	53.5012
2747	5	0.91023	51.6002
2748	5	0.9075	52.5373
2749	5	0.90985	51.9053
2750	5	0.90938	52.3119
2751	5	0.91184	51.6958
2752	5	0.9112	50.9437
2753	5	0.91276	51.0925
2754	5	0.91079	52.6509
