0	1	0.54581	16.1783
1	2	0.54332	16.3946
2	2	0.53917	17.0568
3	2	0.53748	16.9834
4	2	0.53412	16.7008
5	2	0.52807	16.3264
6	2	0.52555	16.1225
7	2	0.5162	15.8164
8	2	0.51288	15.5399
9	2	0.50709	15.3928
10	2	0.50408	15.191
11	2	0.49546	15.0239
12	2	0.48709	14.9024
13	2	0.48338	14.7152
14	2	0.47447	14.6082
15	2	0.46964	14.601
16	2	0.46278	14.6239
17	2	0.44893	14.4787
18	2	0.44104	14.4164
19	2	0.4275	14.3591
20	2	0.41331	14.3065
21	2	0.39659	14.3467
22	2	0.39701	14.4033
23	2	0.418	14.257
24	2	0.45058	14.34
25	2	0.46284	14.4697
26	3	0.54238	19.4205
27	3	0.53593	20.5717
28	3	0.53304	20.5792
29	3	0.53279	19.8794
30	3	0.52481	19.6128
31	3	0.52184	19.3432
32	3	0.51702	18.9452
33	3	0.51162	18.503
34	3	0.50329	18.1392
35	3	0.49945	17.8609
36	3	0.49124	17.3574
37	3	0.48443	17.2271
38	3	0.47848	17.2805
39	3	0.47208	16.934
40	3	0.46112	16.6465
41	3	0.45364	16.5978
42	3	0.44305	16.4069
43	3	0.42843	16.4803
44	3	0.4121	16.4774
45	3	0.39813	16.2979
46	3	0.37965	16.1447
47	3	0.36615	16.1223
48	3	0.39455	15.2835
49	3	0.43376	15.2846
50	3	0.53664	21.6289
51	3	0.52898	21.6456
52	3	0.52348	21.2699
53	3	0.52339	20.7912
54	3	0.5173	20.0334
55	3	0.5116	19.7966
56	3	0.50665	19.3104
57	3	0.49824	19.0489
58	3	0.49437	18.9509
59	3	0.48447	18.5372
60	3	0.47843	18.2564
61	3	0.47129	17.7707
62	3	0.46083	17.7303
63	3	0.45161	17.6105
64	3	0.44233	17.4376
65	3	0.43081	17.4039
66	3	0.41531	17.1071
67	3	0.39877	17.0382
68	3	0.37841	16.9983
69	3	0.34905	16.9286
70	3	0.33857	16.6575
71	3	0.37228	16.0853
72	3	0.40279	15.9273
73	3	0.52857	21.2913
74	3	0.51963	21.3769
75	3	0.51578	20.4603
76	3	0.50945	19.949
77	3	0.50386	19.3619
78	3	0.49749	19.419
79	3	0.49414	18.9979
80	3	0.48737	18.8639
81	3	0.47796	18.3415
82	3	0.46877	18.169
83	3	0.46327	17.9173
84	3	0.45073	17.7303
85	3	0.44288	17.5824
86	3	0.43184	17.3781
87	3	0.41524	17.278
88	3	0.3971	17.0466
89	3	0.37802	16.9921
90	3	0.34514	17.0499
91	3	0.31349	16.9845
92	3	0.31136	16.8605
93	3	0.34017	16.0307
94	3	0.514	20.5766
95	3	0.50881	19.9988
96	3	0.50366	19.6593
97	3	0.49751	18.8863
98	3	0.49291	18.8635
99	3	0.48722	18.7552
100	3	0.4768	18.1301
101	3	0.47205	18.0557
102	3	0.4621	17.4335
103	3	0.45226	17.7431
104	3	0.44183	17.4681
105	3	0.43151	17.1506
106	3	0.41437	17.2543
107	3	0.39842	17.247
108	3	0.37782	17.1313
109	3	0.34999	16.8466
110	3	0.31395	16.8973
111	3	0.29054	17.1642
112	3	0.27519	16.6319
113	3	0.26564	15.9945
114	3	0.5019	20.0611
115	3	0.4987	18.8856
116	3	0.49319	18.7333
117	3	0.4862	18.5005
118	3	0.47547	18.3166
119	3	0.47025	17.7663
120	3	0.45985	17.8624
121	3	0.45336	17.3811
122	3	0.44248	17.1672
123	3	0.42675	17.2321
124	3	0.41507	16.7901
125	3	0.39885	17.0401
126	3	0.37838	16.7499
127	3	0.3421	16.6637
128	3	0.31101	16.6434
129	3	0.28533	16.6807
130	3	0.25031	16.4451
131	3	0.19579	15.9398
132	3	0.49193	18.4559
133	3	0.48722	18.2418
134	3	0.47904	17.8913
135	3	0.46754	17.5627
136	3	0.46107	17.337
137	3	0.45119	17.2349
138	3	0.44117	17.13
139	3	0.42987	16.9207
140	3	0.41177	16.8882
141	3	0.39749	17.0068
142	3	0.3784	16.4735
143	3	0.34386	16.4163
144	3	0.31332	16.3678
145	3	0.28595	16.5869
146	3	0.24621	16.3866
147	3	0.16973	15.6023
148	3	0.11983	14.9558
149	3	0.4774	18.1717
150	3	0.46895	17.7591
151	3	0.46247	17.3582
152	3	0.44965	17.1762
153	3	0.44138	16.8974
154	3	0.43	16.8839
155	3	0.41479	16.6591
156	3	0.3971	16.4687
157	3	0.37885	16.5093
158	3	0.34383	16.3062
159	3	0.30858	16.5256
160	3	0.28312	16.5866
161	3	0.24497	16.2936
162	3	0.16522	15.5739
163	3	0.08902	14.851
164	3	0.46392	17.0583
165	3	0.45162	17.1805
166	3	0.44152	16.9627
167	3	0.42578	16.8223
168	3	0.41433	16.6266
169	3	0.40058	16.6559
170	3	0.3766	16.2281
171	3	0.34551	16.1947
172	3	0.31002	16.3261
173	3	0.28318	16.2985
174	3	0.2452	16.2829
175	3	0.16325	15.4202
176	3	0.08301	14.5033
177	3	0.05909	14.0321
178	3	0.43985	16.7601
179	3	0.42886	16.657
180	3	0.41247	16.531
181	3	0.3987	16.4446
182	3	0.37492	16.3292
183	3	0.34438	15.9318
184	3	0.30783	16.3624
185	3	0.28698	16.406
186	3	0.24573	16.045
187	3	0.1627	15.5168
188	3	0.08329	14.3149
189	3	0.05234	13.5475
190	3	0.41378	16.5946
191	3	0.39981	16.191
192	3	0.37768	16.2289
193	3	0.34112	16.0233
194	3	0.30987	16.0268
195	3	0.28571	16.0344
196	3	0.24207	15.877
197	3	0.16049	15.1355
198	3	0.08239	14.1822
199	3	0.0515	14.1284
200	3	0.0489	13.6719
201	3	0.37519	16.1089
202	3	0.34094	15.8951
203	3	0.30851	15.9163
204	3	0.28416	16.0034
205	3	0.24326	15.6832
206	3	0.16313	15.3375
207	3	0.08095	14.3231
208	3	0.05046	13.4141
209	3	0.04755	13.5925
210	3	0.30771	15.7212
211	3	0.28354	16.0661
212	3	0.24075	15.5497
213	3	0.15932	15.3062
214	3	0.07952	13.9618
215	3	0.0502	13.6465
216	3	0.04756	13.3734
217	3	0.04503	13.3128
218	3	0.24308	15.6901
219	3	0.16048	15.0548
220	3	0.07958	14.3756
221	3	0.05035	13.4064
222	3	0.04557	13.3018
223	3	0.04467	13.3031
224	3	0.08122	14.1775
225	3	0.05083	13.754
226	3	0.04463	13.2132
227	3	0.04404	13.3282
228	3	0.04481	12.9558
229	3	0.04453	13.3854
230	3	0.04428	13.5007
231	3	0.0434	13.1631
232	3	0.0435	13.5918
233	3	0.04333	13.1532
234	4	0.53825	19.8038
235	4	0.5335	21.071
236	4	0.52783	20.6243
237	4	0.52166	20.3226
238	4	0.52177	20.0173
239	4	0.51622	19.6715
240	4	0.51225	19.4595
241	4	0.50936	19.2938
242	4	0.49861	19.096
243	4	0.49444	18.6153
244	4	0.48755	19.0813
245	4	0.48013	18.7466
246	4	0.4692	18.4933
247	4	0.46179	18.3312
248	4	0.4519	18.2441
249	4	0.44373	18.5277
250	4	0.43023	18.2424
251	4	0.41573	18.6276
252	4	0.39996	18.2215
253	4	0.37579	18.3478
254	4	0.34477	18.4933
255	4	0.3361	18.1947
256	4	0.37326	18.0536
257	4	0.40048	18.1035
258	4	0.53117	21.7178
259	4	0.52473	21.4003
260	4	0.52116	21.2065
261	4	0.51584	20.8995
262	4	0.5099	20.9925
263	4	0.50564	20.0787
264	4	0.49958	20.0991
265	4	0.49283	20.1428
266	4	0.48426	19.9251
267	4	0.47756	19.8688
268	4	0.47134	19.5787
269	4	0.46377	19.3245
270	4	0.45377	19.2959
271	4	0.44443	19.0008
272	4	0.43179	19.1913
273	4	0.41347	19.4706
274	4	0.39816	19.213
275	4	0.37808	19.2905
276	4	0.34555	19.4528
277	4	0.31554	19.4887
278	4	0.31597	19.8675
279	4	0.34051	18.8753
280	4	0.52121	21.5504
281	4	0.51303	21.2211
282	4	0.51114	20.8455
283	4	0.50181	20.725
284	4	0.49871	20.2315
285	4	0.49703	20.1373
286	4	0.48476	19.8398
287	4	0.47728	19.8147
288	4	0.47359	19.42
289	4	0.46311	19.4513
290	4	0.45238	19.4353
291	4	0.44216	18.9941
292	4	0.43014	19.1604
293	4	0.41525	19.3816
294	4	0.39883	19.1944
295	4	0.37745	19.2851
296	4	0.34498	19.6831
297	4	0.31222	20.04
298	4	0.28892	19.8901
299	4	0.27914	19.3673
300	4	0.271	18.9703
301	4	0.50843	20.8324
302	4	0.50472	20.62
303	4	0.50124	20.5179
304	4	0.49243	20.1836
305	4	0.48544	19.8565
306	4	0.4781	19.7549
307	4	0.47243	19.2734
308	4	0.46069	19.3747
309	4	0.45791	18.9964
310	4	0.44692	18.7001
311	4	0.4306	19.2593
312	4	0.41627	19.1309
313	4	0.40036	19.2353
314	4	0.37895	18.9574
315	4	0.34473	19.5229
316	4	0.31137	19.3749
317	4	0.28845	19.968
318	4	0.25036	19.453
319	4	0.20099	19.0586
320	4	0.50136	20.4232
321	4	0.49527	19.9627
322	4	0.4856	19.5797
323	4	0.47922	19.4068
324	4	0.47128	19.3155
325	4	0.46217	19.3579
326	4	0.45264	18.9649
327	4	0.44256	18.8276
328	4	0.43071	18.9963
329	4	0.41669	19.0504
330	4	0.39916	19.0788
331	4	0.37705	19.0353
332	4	0.34447	19.0413
333	4	0.30874	19.5345
334	4	0.28689	19.2031
335	4	0.24823	19.8729
336	4	0.1732	18.5494
337	4	0.12282	17.6129
338	4	0.48842	19.703
339	4	0.47883	19.5064
340	4	0.47155	18.9529
341	4	0.46439	18.7573
342	4	0.45461	18.8571
343	4	0.4414	18.6387
344	4	0.42997	18.7979
345	4	0.41195	18.6912
346	4	0.3973	18.8112
347	4	0.38059	18.7326
348	4	0.34233	18.8948
349	4	0.30881	19.288
350	4	0.28726	19.0371
351	4	0.24681	19.2515
352	4	0.16706	18.5722
353	4	0.09056	17.0473
354	4	0.47236	19.1631
355	4	0.46383	19.2367
356	4	0.45271	18.7117
357	4	0.44271	18.6378
358	4	0.43317	18.6306
359	4	0.41529	18.7725
360	4	0.39826	18.8082
361	4	0.37668	18.7438
362	4	0.3424	18.5421
363	4	0.31137	18.8987
364	4	0.28492	19.1652
365	4	0.24718	18.676
366	4	0.1655	18.4068
367	4	0.0863	16.7811
368	4	0.05844	16.8274
369	4	0.4529	18.7685
370	4	0.44505	18.9593
371	4	0.43027	18.4507
372	4	0.41753	18.4823
373	4	0.39857	18.5054
374	4	0.3767	18.7093
375	4	0.34488	19.1118
376	4	0.30872	18.7318
377	4	0.28435	19.1312
378	4	0.24423	18.5478
379	4	0.16624	18.15
380	4	0.08426	16.3931
381	4	0.05337	16.7288
382	4	0.43001	18.541
383	4	0.41536	18.4056
384	4	0.39875	18.7389
385	4	0.37741	18.4598
386	4	0.34535	18.2086
387	4	0.3091	18.7124
388	4	0.28482	18.892
389	4	0.24601	18.7105
390	4	0.16615	18.1592
391	4	0.08267	16.7993
392	4	0.05111	16.2997
393	4	0.04612	16.3015
394	4	0.40141	18.3329
395	4	0.37721	18.6198
396	4	0.34453	18.4901
397	4	0.30965	18.7116
398	4	0.28433	18.7603
399	4	0.24485	18.5626
400	4	0.16288	17.197
401	4	0.08164	16.7911
402	4	0.05064	16.4643
403	4	0.04442	15.9336
404	4	0.34288	18.4565
405	4	0.30752	18.7109
406	4	0.28412	18.8431
407	4	0.24289	18.3508
408	4	0.16283	17.6148
409	4	0.08066	17.1182
410	4	0.05001	16.0062
411	4	0.04449	16.1834
412	4	0.04495	15.9325
413	4	0.28376	18.6241
414	4	0.24414	18.207
415	4	0.16378	17.9599
416	4	0.08185	16.6908
417	4	0.04984	16.4509
418	4	0.04362	16.1874
419	4	0.04345	16.2766
420	4	0.16343	18.1933
421	4	0.08178	17.2577
422	4	0.04944	16.5274
423	4	0.04386	16.3181
424	4	0.04328	16.6321
425	4	0.04326	16.1352
426	4	0.04817	16.3435
427	4	0.04296	15.4778
428	4	0.04182	15.3656
429	4	0.04122	15.8404
430	4	0.04107	16.4149
431	4	0.04242	15.562
432	4	0.04089	16.4751
433	4	0.04184	15.9543
434	4	0.52266	22.5259
435	4	0.52135	22.6889
436	4	0.51681	22.2059
437	4	0.51084	21.839
438	4	0.50081	21.411
439	4	0.49844	21.3905
440	4	0.49381	21.4143
441	4	0.48412	20.5225
442	4	0.47939	20.7489
443	4	0.47254	20.2759
444	4	0.46161	20.2582
445	4	0.45393	20.0493
446	4	0.44405	19.8609
447	4	0.42979	20.3327
448	4	0.41534	20.1045
449	4	0.39815	20.1752
450	4	0.37647	20.233
451	4	0.34327	20.476
452	4	0.31138	21.1827
453	4	0.28892	20.8564
454	4	0.27923	20.3172
455	4	0.27231	19.1738
456	4	0.51719	22.794
457	4	0.51303	22.4458
458	4	0.50495	22.2962
459	4	0.49973	21.6427
460	4	0.49489	21.4577
461	4	0.48771	21.0956
462	4	0.48238	20.6819
463	4	0.47233	20.9085
464	4	0.46252	20.1509
465	4	0.45295	20.3294
466	4	0.44432	20.0452
467	4	0.431	20.2837
468	4	0.41779	20.3218
469	4	0.40034	20.4802
470	4	0.37636	19.9954
471	4	0.3472	20.0296
472	4	0.30928	21.0679
473	4	0.28647	20.9798
474	4	0.25506	20.8645
475	4	0.20508	19.6121
476	4	0.50562	21.985
477	4	0.50017	21.4102
478	4	0.49319	21.1844
479	4	0.48633	20.8319
480	4	0.4788	20.7364
481	4	0.47183	20.4213
482	4	0.46371	19.9997
483	4	0.45502	20.212
484	4	0.44537	19.9452
485	4	0.43262	19.7857
486	4	0.4186	20.2501
487	4	0.39522	19.9933
488	4	0.37695	20.0962
489	4	0.34254	20.2627
490	4	0.31045	20.7558
491	4	0.28593	20.967
492	4	0.24907	20.2855
493	4	0.17519	19.2308
494	4	0.12886	18.1127
495	4	0.49704	21.3385
496	4	0.4882	20.8491
497	4	0.48203	20.7082
498	4	0.47187	20.5816
499	4	0.46282	20.1592
500	4	0.45532	19.8165
501	4	0.44558	19.9251
502	4	0.43131	19.5545
503	4	0.41498	19.9451
504	4	0.39969	19.8214
505	4	0.37662	20.1762
506	4	0.34418	20.2633
507	4	0.30907	20.6216
508	4	0.28335	20.766
509	4	0.24687	20.3392
510	4	0.16918	19.4029
511	4	0.09802	17.6368
512	4	0.48195	20.5751
513	4	0.47143	20.3761
514	4	0.46339	19.8778
515	4	0.45353	19.6782
516	4	0.44333	19.833
517	4	0.42978	19.8306
518	4	0.41737	19.5078
519	4	0.39794	19.6945
520	4	0.37888	19.871
521	4	0.34156	20.3546
522	4	0.31162	20.4406
523	4	0.28449	20.9054
524	4	0.24387	20.1942
525	4	0.16724	18.9947
526	4	0.09053	18.1583
527	4	0.06472	16.5239
528	4	0.46265	20.079
529	4	0.45661	19.6712
530	4	0.44486	19.302
531	4	0.42979	19.7019
532	4	0.41715	19.5556
533	4	0.40041	19.4884
534	4	0.38212	19.4343
535	4	0.34341	19.7363
536	4	0.30867	20.2921
537	4	0.2808	20.3194
538	4	0.24572	19.6396
539	4	0.1681	18.9893
540	4	0.08637	17.8047
541	4	0.05606	17.1136
542	4	0.44416	19.6524
543	4	0.42998	19.3837
544	4	0.41742	19.687
545	4	0.39958	19.2131
546	4	0.37606	19.5093
547	4	0.34424	19.61
548	4	0.31021	20.0899
549	4	0.28202	19.9371
550	4	0.24658	19.7705
551	4	0.16655	18.6534
552	4	0.08572	17.2368
553	4	0.05398	17.4415
554	4	0.0473	16.7387
555	4	0.41677	19.2732
556	4	0.3986	19.6373
557	4	0.38015	19.4122
558	4	0.34303	19.4163
559	4	0.30807	20.0464
560	4	0.28569	20.1018
561	4	0.24413	19.8243
562	4	0.16537	18.4916
563	4	0.08455	17.4942
564	4	0.05127	17.1896
565	4	0.04574	16.8854
566	4	0.37748	19.5434
567	4	0.34424	19.8378
568	4	0.30797	19.7465
569	4	0.28458	20.1058
570	4	0.24697	19.6253
571	4	0.16506	19.2447
572	4	0.0855	17.2517
573	4	0.05249	16.6795
574	4	0.04518	17.4295
575	4	0.04431	17.442
576	4	0.31016	19.9134
577	4	0.28375	20.158
578	4	0.24339	19.6384
579	4	0.1643	18.7001
580	4	0.08578	17.2939
581	4	0.05221	17.2062
582	4	0.04552	16.1417
583	4	0.04331	16.9825
584	4	0.24448	19.3443
585	4	0.16345	19.1102
586	4	0.08487	17.1105
587	4	0.05183	16.2918
588	4	0.0422	16.3968
589	4	0.04198	16.8086
590	4	0.0407	17.4027
591	4	0.08517	17.1352
592	4	0.05246	16.9575
593	4	0.04242	16.4119
594	4	0.04154	17.0108
595	4	0.0409	17.7844
596	4	0.0452	17.0336
597	4	0.04273	16.8407
598	4	0.04082	16.6106
599	4	0.04091	17.2577
600	4	0.0409	16.8924
601	4	0.04	16.6539
602	4	0.04004	16.3376
603	4	0.51238	22.7305
604	4	0.50499	22.0513
605	4	0.50033	21.6078
606	4	0.49172	21.6039
607	4	0.4883	21.2263
608	4	0.47904	21.0129
609	4	0.47133	20.8885
610	4	0.46258	20.3456
611	4	0.45343	20.9162
612	4	0.44114	20.2959
613	4	0.42947	20.4355
614	4	0.41688	20.2561
615	4	0.40287	20.3437
616	4	0.37941	20.471
617	4	0.34562	20.8564
618	4	0.31129	21.1984
619	4	0.28402	21.3106
620	4	0.24914	20.9089
621	4	0.1776	19.1928
622	4	0.12925	18.1628
623	4	0.50157	21.659
624	4	0.49194	21.3942
625	4	0.48668	21.331
626	4	0.47954	20.9262
627	4	0.47478	20.4478
628	4	0.45765	20.6449
629	4	0.45261	20.2126
630	4	0.44214	20.2279
631	4	0.43171	20.1182
632	4	0.41599	19.8804
633	4	0.39763	20.1265
634	4	0.37987	20.1322
635	4	0.34557	20.4053
636	4	0.31116	21.0422
637	4	0.28389	20.9143
638	4	0.24826	20.6806
639	4	0.16975	18.9441
640	4	0.10045	17.9546
641	4	0.48671	21.0396
642	4	0.47899	20.9401
643	4	0.47226	20.3834
644	4	0.46446	20.3893
645	4	0.45482	20.3492
646	4	0.44351	19.816
647	4	0.43162	19.9253
648	4	0.4158	20.0617
649	4	0.39916	19.7588
650	4	0.37905	20.1379
651	4	0.34248	20.3651
652	4	0.31005	20.2987
653	4	0.28431	20.9031
654	4	0.24445	20.4649
655	4	0.16775	18.9485
656	4	0.09318	17.2624
657	4	0.06922	17.3013
658	4	0.47302	20.7489
659	4	0.46094	20.384
660	4	0.45524	20.1902
661	4	0.44609	19.9447
662	4	0.43123	19.9562
663	4	0.41254	19.6583
664	4	0.40148	19.9022
665	4	0.37763	19.8815
666	4	0.34297	19.9707
667	4	0.31117	20.266
668	4	0.28319	20.4643
669	4	0.24476	20.5518
670	4	0.16797	19.277
671	4	0.0878	17.9223
672	4	0.0608	17.1943
673	4	0.45413	20.3108
674	4	0.44538	19.7618
675	4	0.42946	19.5941
676	4	0.41399	19.6173
677	4	0.40337	19.5233
678	4	0.37839	19.8813
679	4	0.34438	20.0456
680	4	0.31185	20.0982
681	4	0.28324	20.4309
682	4	0.24522	20.2231
683	4	0.16477	19.3118
684	4	0.08717	17.209
685	4	0.05725	16.8788
686	4	0.05344	16.7057
687	4	0.43123	19.9447
688	4	0.41407	19.5345
689	4	0.39835	19.7591
690	4	0.37892	19.3484
691	4	0.34485	19.6077
692	4	0.30913	20.0624
693	4	0.28238	20.3202
694	4	0.24575	19.9876
695	4	0.16646	19.575
696	4	0.08637	17.3548
697	4	0.05484	16.4657
698	4	0.04949	17.0758
699	4	0.39992	19.2419
700	4	0.37798	19.4362
701	4	0.34448	19.9047
702	4	0.30826	19.7083
703	4	0.28312	20.0402
704	4	0.24361	19.6587
705	4	0.16621	19.3946
706	4	0.08567	17.6116
707	4	0.05578	16.7866
708	4	0.04577	17.4197
709	4	0.04512	16.4641
710	4	0.34796	20.0192
711	4	0.31121	19.7635
712	4	0.28361	20.2439
713	4	0.245	19.536
714	4	0.16584	19.1878
715	4	0.08572	17.0773
716	4	0.05341	16.5925
717	4	0.04558	16.3266
718	4	0.04324	17.4775
719	4	0.28443	20.0808
720	4	0.24399	19.4569
721	4	0.16466	18.6807
722	4	0.08594	17.3229
723	4	0.05344	16.6774
724	4	0.04634	16.2671
725	4	0.04242	17.7313
726	4	0.04181	17.4111
727	4	0.16349	18.9389
728	4	0.08548	17.3511
729	4	0.05223	16.5714
730	4	0.04593	16.463
731	4	0.04073	17.131
732	4	0.04045	17.5599
733	4	0.05303	16.273
734	4	0.04356	16.6079
735	4	0.04232	16.5565
736	4	0.04089	16.1095
737	4	0.04078	17.3772
738	4	0.04147	16.9921
739	4	0.03952	16.4877
740	4	0.0397	17.0691
741	4	0.03983	16.6709
742	4	0.03803	16.7452
743	4	0.49648	21.6187
744	4	0.48655	21.691
745	4	0.47586	20.5969
746	4	0.47178	20.8938
747	4	0.46281	20.6448
748	4	0.45539	20.2405
749	4	0.44594	20.2079
750	4	0.42969	19.9413
751	4	0.41499	19.7751
752	4	0.40007	20.0594
753	4	0.37892	20.0762
754	4	0.34495	20.31
755	4	0.31114	20.8095
756	4	0.28162	21.0766
757	4	0.24499	20.4178
758	4	0.16776	19.8229
759	4	0.09388	17.259
760	4	0.0723	16.7023
761	4	0.47902	21.1944
762	4	0.47096	20.4474
763	4	0.46248	20.4774
764	4	0.45468	19.8136
765	4	0.44568	19.7595
766	4	0.42863	19.7676
767	4	0.41753	19.9442
768	4	0.39823	19.724
769	4	0.37855	19.9705
770	4	0.34519	20.0305
771	4	0.30907	20.0946
772	4	0.28554	20.5486
773	4	0.2416	20.2914
774	4	0.16721	19.2189
775	4	0.0897	17.9177
776	4	0.06568	16.7988
777	4	0.46337	20.101
778	4	0.45262	19.8809
779	4	0.44194	19.6342
780	4	0.43145	19.8958
781	4	0.41713	19.874
782	4	0.39961	19.7018
783	4	0.38036	19.9781
784	4	0.34603	19.6192
785	4	0.30879	20.1106
786	4	0.28231	20.5376
787	4	0.24196	20.0751
788	4	0.16548	19.4921
789	4	0.08864	17.429
790	4	0.05988	16.3236
791	4	0.05847	16.6174
792	4	0.44547	19.4486
793	4	0.43567	19.5894
794	4	0.41561	19.5442
795	4	0.39871	19.6871
796	4	0.37663	19.301
797	4	0.34518	19.6859
798	4	0.30755	20.0039
799	4	0.28171	20.4065
800	4	0.24348	20.2758
801	4	0.16375	18.9495
802	4	0.08564	17.3732
803	4	0.05722	17.0259
804	4	0.05396	16.2004
805	4	0.41797	19.6229
806	4	0.40071	19.3597
807	4	0.37721	19.7172
808	4	0.34567	19.53
809	4	0.30904	19.5832
810	4	0.28334	20.0788
811	4	0.24233	19.5566
812	4	0.16574	18.8143
813	4	0.08595	17.1603
814	4	0.05658	16.5481
815	4	0.04929	16.7115
816	4	0.04923	15.8246
817	4	0.37785	19.7839
818	4	0.34669	19.8751
819	4	0.31008	19.7681
820	4	0.28252	20.1865
821	4	0.24345	20.2637
822	4	0.16365	19.002
823	4	0.08477	16.7008
824	4	0.05305	16.5226
825	4	0.04945	16.878
826	4	0.04603	16.7993
827	4	0.31063	19.7797
828	4	0.28177	19.9314
829	4	0.24215	19.914
830	4	0.16402	18.8431
831	4	0.08669	17.0081
832	4	0.05432	16.326
833	4	0.04818	16.7124
834	4	0.04372	16.7363
835	4	0.04167	16.9753
836	4	0.24324	19.6811
837	4	0.16343	18.8794
838	4	0.08463	17.3925
839	4	0.05537	16.4216
840	4	0.04669	16.6479
841	4	0.04281	16.5527
842	4	0.04051	16.4079
843	4	0.08396	17.2505
844	4	0.05337	17.2682
845	4	0.04716	16.7535
846	4	0.04303	15.4706
847	4	0.03916	15.9213
848	4	0.03908	16.207
849	4	0.0476	16.4676
850	4	0.04295	16.7147
851	4	0.04054	16.3511
852	4	0.0371	16.5364
853	4	0.03996	16.401
854	4	0.03755	16.0588
855	4	0.03899	16.2306
856	4	0.0374	15.9927
857	4	0.47168	20.6696
858	4	0.46359	20.3823
859	4	0.45399	20.102
860	4	0.44326	19.6044
861	4	0.43193	19.6908
862	4	0.41705	19.5567
863	4	0.40056	19.4282
864	4	0.375	19.6943
865	4	0.3438	20.0215
866	4	0.31019	20.5634
867	4	0.28259	20.3645
868	4	0.24157	20.7242
869	4	0.16344	19.3039
870	4	0.08793	17.2832
871	4	0.06245	16.4531
872	4	0.06057	16.475
873	4	0.45449	19.737
874	4	0.44467	19.5606
875	4	0.43164	19.3709
876	4	0.41762	19.4244
877	4	0.40153	19.6301
878	4	0.37855	19.3404
879	4	0.34458	19.6764
880	4	0.31078	20.046
881	4	0.28209	20.0446
882	4	0.2436	19.7502
883	4	0.1627	19.4009
884	4	0.08654	17.1152
885	4	0.05759	16.5107
886	4	0.05616	16.7681
887	4	0.4315	19.3196
888	4	0.41828	19.2333
889	4	0.39852	19.3007
890	4	0.37817	19.2514
891	4	0.34449	19.2337
892	4	0.3111	19.8035
893	4	0.28247	20.2307
894	4	0.24327	20.202
895	4	0.16284	18.8206
896	4	0.08469	17.891
897	4	0.05439	16.3702
898	4	0.05282	16.344
899	4	0.05421	16.6989
900	4	0.39892	19.3368
901	4	0.3796	19.5309
902	4	0.34345	19.5148
903	4	0.308	19.8333
904	4	0.28324	20.0614
905	4	0.24526	19.3007
906	4	0.16188	19.3231
907	4	0.08402	17.0659
908	4	0.05383	15.6806
909	4	0.05086	16.4479
910	4	0.04964	16.2956
911	4	0.34345	19.5211
912	4	0.30989	19.6063
913	4	0.28475	20.4358
914	4	0.24146	19.8078
915	4	0.16216	18.6589
916	4	0.08311	17.308
917	4	0.05428	17.1208
918	4	0.04857	16.4729
919	4	0.04765	16.2581
920	4	0.04612	16.0945
921	4	0.284	19.7151
922	4	0.24183	19.4491
923	4	0.16146	18.9264
924	4	0.08401	16.8231
925	4	0.0526	15.4096
926	4	0.04812	16.4045
927	4	0.0465	15.5927
928	4	0.04267	16.3615
929	4	0.16209	18.7168
930	4	0.08239	17.4433
931	4	0.0536	16.1933
932	4	0.04787	16.3375
933	4	0.04402	16.3838
934	4	0.04269	16.3627
935	4	0.04013	16.1083
936	4	0.05354	16.3388
937	4	0.04845	16.6659
938	4	0.0451	15.2838
939	4	0.04179	16.6123
940	4	0.03771	16.6558
941	4	0.04428	16.2194
942	4	0.0414	15.5422
943	4	0.03795	15.3665
944	4	0.03687	16.9525
945	4	0.03874	16.5672
946	4	0.03824	16.8024
947	4	0.03755	16.3137
948	4	0.44319	19.6528
949	4	0.43033	19.4569
950	4	0.41583	19.4192
951	4	0.39859	19.1153
952	4	0.3785	19.318
953	4	0.3464	19.2583
954	4	0.30822	20.0352
955	4	0.28412	19.6662
956	4	0.24362	19.7821
957	4	0.16229	19.2075
958	4	0.08358	17.6232
959	4	0.05601	16.7854
960	4	0.05511	16.4567
961	4	0.05459	16.8635
962	4	0.41747	19.7243
963	4	0.40009	19.05
964	4	0.37821	19.2358
965	4	0.34659	19.0761
966	4	0.30726	19.7906
967	4	0.28138	19.7041
968	4	0.24226	19.7671
969	4	0.16134	18.9991
970	4	0.08202	17.3622
971	4	0.05293	16.0568
972	4	0.0505	16.2917
973	4	0.05302	16.0736
974	4	0.37707	19.319
975	4	0.34362	19.2556
976	4	0.31001	19.1061
977	4	0.28534	19.3385
978	4	0.24152	19.7649
979	4	0.16146	18.6862
980	4	0.08249	17.2597
981	4	0.05244	16.3102
982	4	0.04888	15.7214
983	4	0.04988	15.7948
984	4	0.05052	16.8608
985	4	0.30886	19.7591
986	4	0.28275	19.3869
987	4	0.24257	19.4357
988	4	0.16109	18.4998
989	4	0.08201	16.662
990	4	0.05204	15.9977
991	4	0.04672	16.0888
992	4	0.04692	16.2861
993	4	0.04643	16.2361
994	4	0.24263	19.7294
995	4	0.1609	18.4802
996	4	0.08064	17.3536
997	4	0.05237	15.3541
998	4	0.04731	15.8333
999	4	0.04512	15.4883
1000	4	0.04418	16.1666
1001	4	0.04365	15.5199
1002	4	0.08084	16.8061
1003	4	0.05358	16.0823
1004	4	0.0467	15.748
1005	4	0.04554	15.9099
1006	4	0.04238	15.0625
1007	4	0.04138	15.3992
1008	4	0.04805	16.1521
1009	4	0.04505	16.2029
1010	4	0.04268	15.7356
1011	4	0.04035	15.934
1012	4	0.03749	16.3059
1013	4	0.04268	16.3775
1014	4	0.04001	15.905
1015	4	0.0376	15.3611
1016	4	0.03655	15.3714
1017	4	0.03586	16.2048
1018	4	0.39772	19.2152
1019	4	0.38036	19.0357
1020	4	0.34619	19.1705
1021	4	0.3101	19.4789
1022	4	0.28393	19.5841
1023	4	0.24186	19.3396
1024	4	0.16201	18.5822
1025	4	0.08005	17.3125
1026	4	0.05244	15.8705
1027	4	0.0479	15.5401
1028	4	0.05096	16.2659
1029	4	0.05088	16.3442
1030	4	0.34509	19.1794
1031	4	0.3113	19.4119
1032	4	0.28064	19.7049
1033	4	0.24214	19.2197
1034	4	0.16103	18.7759
1035	4	0.08086	16.7898
1036	4	0.04962	15.8588
1037	4	0.04631	16.4097
1038	4	0.04707	15.9516
1039	4	0.04936	16.0645
1040	4	0.2826	19.3014
1041	4	0.24529	18.8777
1042	4	0.16226	18.9999
1043	4	0.08182	16.8728
1044	4	0.05074	15.7296
1045	4	0.04616	15.5675
1046	4	0.04566	15.7052
1047	4	0.04654	16.4067
1048	4	0.04791	16.0378
1049	4	0.16267	18.1861
1050	4	0.08263	16.818
1051	4	0.04907	16.2476
1052	4	0.04403	15.7584
1053	4	0.0453	15.7954
1054	4	0.04287	15.1515
1055	4	0.04318	16.1428
1056	4	0.04967	15.0583
1057	4	0.04593	16.3042
1058	4	0.04368	16.185
1059	4	0.04094	14.8715
1060	4	0.04112	15.063
1061	4	0.04071	16.0749
1062	4	0.04327	15.7023
1063	4	0.04315	15.5982
1064	4	0.04073	16.2128
1065	4	0.03875	15.2386
1066	4	0.04076	16.0119
1067	4	0.03809	15.4889
1068	4	0.0373	16.3651
1069	4	0.03642	15.8359
1070	4	0.3089	19.3927
1071	4	0.28045	19.2238
1072	4	0.24391	18.8241
1073	4	0.16388	18.4672
1074	4	0.08171	16.7994
1075	4	0.04846	15.4233
1076	4	0.04454	15.2801
1077	4	0.04599	15.6027
1078	4	0.04662	16.0327
1079	4	0.0487	16.3621
1080	4	0.24236	19.2847
1081	4	0.161	17.8936
1082	4	0.082	16.682
1083	4	0.04828	15.6222
1084	4	0.04381	16.0532
1085	4	0.04178	16.0027
1086	4	0.04543	16.0618
1087	4	0.04733	15.9056
1088	4	0.08084	16.753
1089	4	0.04892	15.9574
1090	4	0.04392	15.4233
1091	4	0.04269	15.7042
1092	4	0.0427	16.2487
1093	4	0.0444	15.2295
1094	4	0.04579	15.59
1095	4	0.04466	16.3126
1096	4	0.04262	15.9452
1097	4	0.04113	15.5475
1098	4	0.04166	16.0703
1099	4	0.04227	16.172
1100	4	0.04235	15.5616
1101	4	0.04181	16.2949
1102	4	0.04059	16.0892
1103	4	0.0405	15.3433
1104	4	0.03983	15.0299
1105	4	0.03602	14.9801
1106	4	0.03641	14.6842
1107	4	0.16264	18.5116
1108	4	0.08095	16.8812
1109	4	0.04932	15.5758
1110	4	0.04333	15.8222
1111	4	0.04133	15.8004
1112	4	0.04367	15.3354
1113	4	0.04418	15.432
1114	4	0.04607	14.8865
1115	4	0.04989	15.9918
1116	4	0.04404	15.9473
1117	4	0.04089	15.1741
1118	4	0.04045	15.3501
1119	4	0.04444	15.4857
1120	4	0.04335	15.7457
1121	4	0.04045	15.9229
1122	4	0.03969	15.1749
1123	4	0.03995	15.8034
1124	4	0.04039	15.2131
1125	4	0.04322	16.0917
1126	4	0.03981	14.9534
1127	4	0.03979	15.7515
1128	4	0.03976	15.8677
1129	4	0.03984	15.0375
1130	4	0.0394	15.3392
1131	4	0.04206	15.363
1132	4	0.04007	15.0447
1133	4	0.03837	15.4136
1134	4	0.04061	14.7051
1135	4	0.04381	15.306
1136	4	0.04292	15.2136
1137	4	0.03912	15.3041
1138	4	0.03918	15.7808
1139	4	0.04131	15.6842
1140	4	0.0431	15.8788
1141	4	0.03927	15.4732
1142	4	0.04143	16.025
1143	4	0.04292	15.4622
1144	4	0.04117	15.8604
1145	4	0.0372	15.8904
1146	4	0.03925	14.1705
1147	4	0.04184	15.0647
1148	4	0.04224	15.5214
1149	4	0.04303	14.8995
1150	4	0.04447	15.2537
1151	4	0.04485	15.6446
1152	4	0.04568	14.8962
1153	4	0.04627	15.2376
1154	5	0.53592	16.9879
1155	5	0.52891	17.0858
1156	5	0.52792	17.3227
1157	5	0.51975	17.2598
1158	5	0.51525	16.8756
1159	5	0.51138	16.797
1160	5	0.50465	16.7998
1161	5	0.49985	16.6331
1162	5	0.4918	16.5189
1163	5	0.48726	16.4019
1164	5	0.47576	16.4551
1165	5	0.47698	16.3154
1166	5	0.46189	16.5858
1167	5	0.45425	16.5627
1168	5	0.4438	16.4605
1169	5	0.42886	16.4813
1170	5	0.41938	16.5423
1171	5	0.39881	16.5175
1172	5	0.37735	16.7259
1173	5	0.34478	17.0126
1174	5	0.31255	17.5117
1175	5	0.31204	17.0336
1176	5	0.34074	17.3229
1177	5	0.52382	17.6365
1178	5	0.52231	17.599
1179	5	0.51627	17.5806
1180	5	0.51031	17.3751
1181	5	0.50616	17.2379
1182	5	0.49927	16.9212
1183	5	0.49069	16.9506
1184	5	0.48798	16.7833
1185	5	0.47849	16.9918
1186	5	0.4697	16.8699
1187	5	0.46413	16.8256
1188	5	0.45375	16.8422
1189	5	0.44411	16.6908
1190	5	0.42918	17.0565
1191	5	0.41555	17.0737
1192	5	0.40104	16.8216
1193	5	0.3794	17.2927
1194	5	0.34415	17.15
1195	5	0.30809	17.7176
1196	5	0.29121	18.351
1197	5	0.27896	18.1739
1198	5	0.27666	17.9544
1199	5	0.51695	17.3416
1200	5	0.51072	17.3905
1201	5	0.50385	17.4868
1202	5	0.49814	17.1635
1203	5	0.4899	16.9282
1204	5	0.48606	16.9857
1205	5	0.47934	16.9551
1206	5	0.47349	16.8393
1207	5	0.46101	16.8452
1208	5	0.45214	16.9287
1209	5	0.44334	16.7302
1210	5	0.43099	16.7149
1211	5	0.41618	17.0667
1212	5	0.39908	17.1659
1213	5	0.37898	17.3375
1214	5	0.34336	17.6484
1215	5	0.31061	17.7871
1216	5	0.28618	18.1331
1217	5	0.25271	17.7865
1218	5	0.20265	17.6404
1219	5	0.50738	17.3058
1220	5	0.49696	17.3795
1221	5	0.49311	17.0737
1222	5	0.48622	16.9531
1223	5	0.47928	17.0576
1224	5	0.47377	16.9351
1225	5	0.4631	16.8393
1226	5	0.45415	16.691
1227	5	0.44065	16.9595
1228	5	0.43055	16.8158
1229	5	0.41629	17.0205
1230	5	0.40046	17.115
1231	5	0.37756	16.7159
1232	5	0.34472	17.6576
1233	5	0.3108	17.832
1234	5	0.28392	17.7483
1235	5	0.24737	18.2297
1236	5	0.17514	17.7771
1237	5	0.12574	17.624
1238	5	0.49107	17.2228
1239	5	0.48991	16.8831
1240	5	0.47852	17.1645
1241	5	0.47239	16.8362
1242	5	0.46011	16.7147
1243	5	0.45421	16.7392
1244	5	0.4452	16.6688
1245	5	0.4326	16.8527
1246	5	0.41841	16.4933
1247	5	0.40178	16.541
1248	5	0.38011	16.9282
1249	5	0.34426	17.1288
1250	5	0.30935	17.479
1251	5	0.28181	17.6434
1252	5	0.24738	17.7459
1253	5	0.1695	17.6246
1254	5	0.09457	17.6247
1255	5	0.47905	16.7566
1256	5	0.47084	16.5426
1257	5	0.46488	16.8349
1258	5	0.45664	16.4048
1259	5	0.44508	16.7896
1260	5	0.42909	16.688
1261	5	0.41687	16.9691
1262	5	0.40082	16.9407
1263	5	0.37808	16.9949
1264	5	0.34525	17.2994
1265	5	0.31053	17.3971
1266	5	0.28314	17.6742
1267	5	0.24529	17.7762
1268	5	0.16814	18.0676
1269	5	0.08825	16.9889
1270	5	0.05971	16.7975
1271	5	0.46339	16.8294
1272	5	0.45486	16.5451
1273	5	0.44759	16.4589
1274	5	0.42783	16.4466
1275	5	0.41908	16.6793
1276	5	0.40033	16.5326
1277	5	0.37636	16.8491
1278	5	0.34555	16.8675
1279	5	0.30959	17.3126
1280	5	0.28384	17.5451
1281	5	0.24885	17.8953
1282	5	0.16581	17.2445
1283	5	0.08874	17.8655
1284	5	0.05269	16.9689
1285	5	0.443	16.4566
1286	5	0.42972	16.6174
1287	5	0.41702	16.7379
1288	5	0.39834	16.3451
1289	5	0.37836	16.765
1290	5	0.34394	16.8931
1291	5	0.31068	17.6145
1292	5	0.28129	17.3698
1293	5	0.24629	17.6361
1294	5	0.16684	17.3474
1295	5	0.08532	16.6611
1296	5	0.05255	18.3405
1297	5	0.04651	17.6389
1298	5	0.41522	16.3156
1299	5	0.39859	16.6587
1300	5	0.37831	16.9558
1301	5	0.34354	16.9333
1302	5	0.30992	17.169
1303	5	0.28171	17.5014
1304	5	0.24829	17.3595
1305	5	0.16608	17.6836
1306	5	0.0843	16.3299
1307	5	0.05131	17.1255
1308	5	0.04437	16.6889
1309	5	0.3804	16.6064
1310	5	0.34568	16.5112
1311	5	0.30865	17.4517
1312	5	0.2829	17.7422
1313	5	0.24476	17.7943
1314	5	0.1661	17.7
1315	5	0.08384	16.8702
1316	5	0.04979	17.9598
1317	5	0.04412	17.002
1318	5	0.04285	17.9623
1319	5	0.30856	17.1012
1320	5	0.2838	17.7101
1321	5	0.24328	17.7695
1322	5	0.16651	17.2434
1323	5	0.08171	16.8532
1324	5	0.05074	15.8685
1325	5	0.043	17.3541
1326	5	0.04244	16.4795
1327	5	0.24302	17.2507
1328	5	0.16661	17.2411
1329	5	0.08306	17.4539
1330	5	0.04828	17.7036
1331	5	0.04329	17.8947
1332	5	0.04165	15.2437
1333	5	0.04264	18.0862
1334	5	0.08305	16.7369
1335	5	0.04928	17.1747
1336	5	0.04354	17.3763
1337	5	0.04282	17.2937
1338	5	0.04062	18.0757
1339	5	0.04258	16.9406
1340	5	0.04139	18.0197
1341	5	0.04202	16.9426
1342	5	0.04063	17.8028
1343	5	0.04035	17.0904
1344	5	0.04069	16.8825
1345	5	0.04039	17.1132
1346	5	0.52204	17.8252
1347	5	0.51509	18.1648
1348	5	0.51176	17.7406
1349	5	0.50716	17.6569
1350	5	0.50259	17.5504
1351	5	0.49193	17.3715
1352	5	0.4879	17.2133
1353	5	0.47885	17.5843
1354	5	0.46955	17.2243
1355	5	0.46364	17.2374
1356	5	0.45432	17.2974
1357	5	0.44291	17.3738
1358	5	0.43276	17.1962
1359	5	0.41565	17.6722
1360	5	0.39873	17.2591
1361	5	0.37603	17.8727
1362	5	0.34545	17.7574
1363	5	0.31161	18.2927
1364	5	0.28521	18.7591
1365	5	0.25318	18.5276
1366	5	0.2071	18.2542
1367	5	0.51061	18.0317
1368	5	0.50799	17.6504
1369	5	0.50013	17.7866
1370	5	0.49231	17.5981
1371	5	0.48754	17.3659
1372	5	0.47939	17.2384
1373	5	0.47314	17.4443
1374	5	0.46572	17.3691
1375	5	0.45431	17.4361
1376	5	0.44625	16.9803
1377	5	0.43108	17.4353
1378	5	0.41286	17.317
1379	5	0.40176	17.5317
1380	5	0.37856	17.7339
1381	5	0.34609	18.0203
1382	5	0.31053	18.5063
1383	5	0.28449	18.8886
1384	5	0.24566	18.4636
1385	5	0.17917	17.9384
1386	5	0.13223	17.7422
1387	5	0.50079	17.8658
1388	5	0.49506	17.5445
1389	5	0.48975	17.3443
1390	5	0.47733	17.5941
1391	5	0.46948	17.2987
1392	5	0.46408	17.4004
1393	5	0.45247	17.0475
1394	5	0.44437	17.3048
1395	5	0.43234	17.3854
1396	5	0.41586	17.6507
1397	5	0.39949	17.478
1398	5	0.37798	17.7239
1399	5	0.34541	17.8716
1400	5	0.31321	18.4715
1401	5	0.28441	18.8717
1402	5	0.2461	18.6478
1403	5	0.17188	18.1448
1404	5	0.1015	18.0615
1405	5	0.4859	17.5187
1406	5	0.48045	17.3288
1407	5	0.47331	17.338
1408	5	0.46122	17.4364
1409	5	0.45329	17.2634
1410	5	0.44475	17.067
1411	5	0.43137	17.276
1412	5	0.41633	17.0711
1413	5	0.39881	17.1956
1414	5	0.37856	17.3958
1415	5	0.34875	17.7093
1416	5	0.31332	18.6009
1417	5	0.28465	18.0791
1418	5	0.24728	18.7491
1419	5	0.1688	18.2681
1420	5	0.08982	18.0726
1421	5	0.06414	18.8806
1422	5	0.47164	17.3953
1423	5	0.46253	17.2253
1424	5	0.45363	17.0556
1425	5	0.44446	17.2917
1426	5	0.4305	16.8904
1427	5	0.41537	17.1541
1428	5	0.39871	17.4195
1429	5	0.37914	17.1674
1430	5	0.344	17.6281
1431	5	0.3104	17.8503
1432	5	0.28371	18.866
1433	5	0.24773	18.7595
1434	5	0.16865	17.722
1435	5	0.08933	17.9666
1436	5	0.05651	17.9819
1437	5	0.45033	16.8746
1438	5	0.44264	17.1093
1439	5	0.43064	17.0249
1440	5	0.41647	16.9843
1441	5	0.39966	16.9407
1442	5	0.38157	17.2321
1443	5	0.34551	17.2932
1444	5	0.30949	17.9804
1445	5	0.28399	18.0161
1446	5	0.24532	18.5807
1447	5	0.16783	18.1757
1448	5	0.08843	17.9333
1449	5	0.05549	18.2386
1450	5	0.04707	17.9209
1451	5	0.43078	17.0491
1452	5	0.41827	17.0528
1453	5	0.40005	17.1973
1454	5	0.38144	17.108
1455	5	0.34571	17.4268
1456	5	0.31077	18.041
1457	5	0.28345	18.257
1458	5	0.24733	18.0791
1459	5	0.16896	17.886
1460	5	0.08715	17.7843
1461	5	0.0543	17.0812
1462	5	0.04634	18.0236
1463	5	0.40087	16.8835
1464	5	0.37855	17.1781
1465	5	0.34414	17.6334
1466	5	0.31138	17.7349
1467	5	0.28267	18.0921
1468	5	0.24303	18.3948
1469	5	0.16688	17.7522
1470	5	0.08685	17.6769
1471	5	0.0526	17.8929
1472	5	0.04307	17.6352
1473	5	0.04282	17.6749
1474	5	0.3469	17.3367
1475	5	0.31064	17.7566
1476	5	0.28402	18.0232
1477	5	0.24673	18.8574
1478	5	0.16771	17.6785
1479	5	0.08704	17.6694
1480	5	0.05253	18.0331
1481	5	0.0439	18.4114
1482	5	0.04234	18.8648
1483	5	0.28213	17.9009
1484	5	0.24475	18.55
1485	5	0.16742	18.0784
1486	5	0.08646	18.0909
1487	5	0.05049	17.911
1488	5	0.04337	18.0984
1489	5	0.03951	18.5832
1490	5	0.04133	18.5786
1491	5	0.16586	18.1406
1492	5	0.08477	17.6333
1493	5	0.0518	16.9499
1494	5	0.04343	18.7603
1495	5	0.0411	19.2287
1496	5	0.04118	17.4402
1497	5	0.05108	18.1142
1498	5	0.04216	18.9675
1499	5	0.04013	18.9757
1500	5	0.0403	18.2042
1501	5	0.03935	18.6152
1502	5	0.04091	18.3501
1503	5	0.03951	17.9812
1504	5	0.03862	18.495
1505	5	0.03933	18.0583
1506	5	0.04	18.255
1507	5	0.50484	18.1083
1508	5	0.50197	17.8719
1509	5	0.49387	17.8186
1510	5	0.48653	17.7819
1511	5	0.47837	17.3659
1512	5	0.47111	17.6117
1513	5	0.46453	17.2674
1514	5	0.45451	17.4295
1515	5	0.44294	17.4383
1516	5	0.4292	17.3766
1517	5	0.41988	17.343
1518	5	0.40004	17.6117
1519	5	0.38168	17.9075
1520	5	0.34626	17.7593
1521	5	0.30992	18.3958
1522	5	0.28301	18.8405
1523	5	0.24557	18.6543
1524	5	0.17148	18.2648
1525	5	0.10265	18.4702
1526	5	0.49288	17.7616
1527	5	0.48805	17.5058
1528	5	0.47892	17.4904
1529	5	0.47321	17.369
1530	5	0.46394	17.4612
1531	5	0.45724	17.2323
1532	5	0.44461	17.185
1533	5	0.43416	17.1978
1534	5	0.41688	17.3454
1535	5	0.39919	17.5634
1536	5	0.37782	17.6691
1537	5	0.34455	17.7491
1538	5	0.31066	18.3956
1539	5	0.2818	18.7677
1540	5	0.24616	18.9349
1541	5	0.16802	18.0515
1542	5	0.09532	17.8649
1543	5	0.06921	18.5763
1544	5	0.47923	17.639
1545	5	0.47199	17.0398
1546	5	0.46484	17.3001
1547	5	0.45469	17.2789
1548	5	0.44441	17.1854
1549	5	0.4314	17.1497
1550	5	0.41573	17.3881
1551	5	0.39996	17.6303
1552	5	0.37975	17.0407
1553	5	0.34496	17.4988
1554	5	0.31103	18.3507
1555	5	0.2842	18.8064
1556	5	0.24209	18.6951
1557	5	0.16805	18.1739
1558	5	0.08941	18.0499
1559	5	0.06122	18.4886
1560	5	0.46295	17.4308
1561	5	0.45528	17.238
1562	5	0.4459	17.031
1563	5	0.43142	17.2569
1564	5	0.41774	17.1631
1565	5	0.40075	17.3493
1566	5	0.37874	17.1643
1567	5	0.34561	17.8627
1568	5	0.3107	18.3952
1569	5	0.28414	18.5138
1570	5	0.24333	18.8168
1571	5	0.16786	18.34
1572	5	0.08985	17.7937
1573	5	0.05752	17.6957
1574	5	0.05208	18.7194
1575	5	0.44347	17.0436
1576	5	0.43596	17.0114
1577	5	0.4185	17.0485
1578	5	0.40337	17.3421
1579	5	0.37984	17.1005
1580	5	0.34636	17.5403
1581	5	0.31089	18.3761
1582	5	0.2834	18.4923
1583	5	0.24421	18.6626
1584	5	0.16646	18.4666
1585	5	0.0884	17.7693
1586	5	0.05673	18.7922
1587	5	0.04798	18.7094
1588	5	0.41874	16.9233
1589	5	0.40049	17.1571
1590	5	0.37958	17.3134
1591	5	0.34203	17.4937
1592	5	0.31054	18.1801
1593	5	0.28203	18.0597
1594	5	0.24438	18.505
1595	5	0.16593	17.7575
1596	5	0.08767	18.3659
1597	5	0.05547	17.3592
1598	5	0.04557	18.2565
1599	5	0.04465	18.1499
1600	5	0.37851	17.5389
1601	5	0.34352	17.4208
1602	5	0.31034	17.9101
1603	5	0.28533	18.8518
1604	5	0.24602	18.1326
1605	5	0.16687	17.9369
1606	5	0.08766	18.0719
1607	5	0.05431	18.2925
1608	5	0.04539	19.212
1609	5	0.04309	18.5794
1610	5	0.31089	17.6868
1611	5	0.28422	18.1053
1612	5	0.24666	18.5874
1613	5	0.16514	17.9364
1614	5	0.08756	18.6618
1615	5	0.05453	17.8831
1616	5	0.04591	18.8593
1617	5	0.04031	17.9337
1618	5	0.03985	18.4008
1619	5	0.24436	18.1819
1620	5	0.16542	18.2157
1621	5	0.08714	17.8366
1622	5	0.05322	18.5357
1623	5	0.04544	18.6131
1624	5	0.0399	18.8198
1625	5	0.03779	17.5689
1626	5	0.08756	17.6582
1627	5	0.05336	17.3161
1628	5	0.04496	18.8664
1629	5	0.04056	18.7268
1630	5	0.03771	18.2431
1631	5	0.03858	18.7858
1632	5	0.04533	17.3801
1633	5	0.0391	18.4356
1634	5	0.03873	18.5556
1635	5	0.037	18.4929
1636	5	0.03902	17.2944
1637	5	0.03808	17.9082
1638	5	0.03713	18.7472
1639	5	0.03669	18.0379
1640	5	0.48524	17.3076
1641	5	0.48289	17.4144
1642	5	0.47007	17.4738
1643	5	0.4644	17.3022
1644	5	0.45646	17.3113
1645	5	0.44543	17.2489
1646	5	0.43163	17.1786
1647	5	0.41603	17.4026
1648	5	0.39969	17.4536
1649	5	0.37998	17.4248
1650	5	0.34861	17.9774
1651	5	0.30982	18.4246
1652	5	0.28149	18.5675
1653	5	0.24476	18.4826
1654	5	0.1654	18.4551
1655	5	0.09137	18.3144
1656	5	0.06373	18.3961
1657	5	0.47158	17.4269
1658	5	0.46499	17.5238
1659	5	0.45474	16.9872
1660	5	0.445	17.0519
1661	5	0.43337	17.1715
1662	5	0.41898	17.2806
1663	5	0.39838	17.4916
1664	5	0.37855	17.2089
1665	5	0.34663	17.7753
1666	5	0.31128	18.0043
1667	5	0.28348	18.5123
1668	5	0.24328	18.6483
1669	5	0.16428	18.3762
1670	5	0.08773	17.2167
1671	5	0.05826	18.3243
1672	5	0.0577	18.772
1673	5	0.45646	17.1769
1674	5	0.44319	17.3074
1675	5	0.43095	17.1573
1676	5	0.41352	17.1142
1677	5	0.39772	17.3054
1678	5	0.38051	17.0833
1679	5	0.3465	17.7326
1680	5	0.31139	17.7333
1681	5	0.28513	18.1384
1682	5	0.24304	18.4836
1683	5	0.16674	17.8755
1684	5	0.08774	18.0095
1685	5	0.05652	17.4811
1686	5	0.05163	18.0275
1687	5	0.43133	17.0841
1688	5	0.41768	17.0206
1689	5	0.40323	16.9191
1690	5	0.37948	17.6364
1691	5	0.34698	17.5411
1692	5	0.31132	17.9367
1693	5	0.28333	18.564
1694	5	0.24475	18.5752
1695	5	0.16315	18.5574
1696	5	0.08605	17.294
1697	5	0.05492	17.821
1698	5	0.04867	18.291
1699	5	0.04832	17.8264
1700	5	0.40201	16.9671
1701	5	0.38175	17.0309
1702	5	0.34659	17.3352
1703	5	0.31172	18.092
1704	5	0.28295	18.2289
1705	5	0.2434	17.9773
1706	5	0.16391	18.2489
1707	5	0.0856	17.2316
1708	5	0.05314	18.2987
1709	5	0.04838	17.6283
1710	5	0.04399	17.6552
1711	5	0.34678	17.5548
1712	5	0.30819	18.0423
1713	5	0.28154	18.7803
1714	5	0.24273	18.1314
1715	5	0.16792	18.2037
1716	5	0.08666	17.4694
1717	5	0.05501	17.7179
1718	5	0.04698	18.4465
1719	5	0.04235	18.3575
1720	5	0.04094	17.5191
1721	5	0.2858	18.4913
1722	5	0.24287	17.7764
1723	5	0.16498	17.6491
1724	5	0.08645	17.3074
1725	5	0.05382	18.0765
1726	5	0.04587	17.9131
1727	5	0.04227	17.9712
1728	5	0.03947	17.9354
1729	5	0.16468	17.7994
1730	5	0.08585	18.6618
1731	5	0.05378	18.3278
1732	5	0.04667	18.3793
1733	5	0.04296	18.6428
1734	5	0.03924	18.1475
1735	5	0.03726	18.9398
1736	5	0.05436	17.8901
1737	5	0.04644	16.9464
1738	5	0.04196	17.74
1739	5	0.03965	17.8345
1740	5	0.03787	18.4382
1741	5	0.04264	18.2023
1742	5	0.04002	17.1901
1743	5	0.03714	18.3715
1744	5	0.03786	18.5082
1745	5	0.03764	18.7614
1746	5	0.03632	18.4056
1747	5	0.03743	18.0276
1748	5	0.4643	17.2432
1749	5	0.45502	17.0015
1750	5	0.44294	17.2287
1751	5	0.43366	17.0337
1752	5	0.4198	16.9169
1753	5	0.40301	17.2031
1754	5	0.38045	17.2748
1755	5	0.34582	17.5559
1756	5	0.31047	17.8577
1757	5	0.28122	18.1016
1758	5	0.24383	18.5699
1759	5	0.16536	18.4007
1760	5	0.08583	17.6479
1761	5	0.05681	18.4073
1762	5	0.05393	18.2124
1763	5	0.44342	16.9656
1764	5	0.43132	17.0679
1765	5	0.41647	17.0349
1766	5	0.39773	17.0274
1767	5	0.38133	17.0855
1768	5	0.34609	17.6154
1769	5	0.31279	17.9917
1770	5	0.28512	18.1471
1771	5	0.24612	18.2685
1772	5	0.16274	18.1409
1773	5	0.08444	17.9601
1774	5	0.05463	18.4269
1775	5	0.05005	18.419
1776	5	0.05258	18.2334
1777	5	0.41732	16.9272
1778	5	0.39945	16.8243
1779	5	0.38026	17.0105
1780	5	0.34885	17.4894
1781	5	0.31197	18.1638
1782	5	0.28301	18.0495
1783	5	0.24278	18.166
1784	5	0.1657	18.1046
1785	5	0.0834	17.5067
1786	5	0.05263	18.4075
1787	5	0.04783	18.5713
1788	5	0.04899	17.1317
1789	5	0.37949	16.9627
1790	5	0.3454	17.1346
1791	5	0.31094	17.9137
1792	5	0.28285	17.9317
1793	5	0.24565	17.9453
1794	5	0.16385	18.102
1795	5	0.08487	17.5017
1796	5	0.05247	17.7866
1797	5	0.04645	17.5708
1798	5	0.04504	18.7732
1799	5	0.04475	17.4354
1800	5	0.3092	17.7166
1801	5	0.28411	18.1609
1802	5	0.24301	18.5072
1803	5	0.16369	17.6694
1804	5	0.08364	16.9652
1805	5	0.0524	17.7563
1806	5	0.04717	18.691
1807	5	0.0438	18.278
1808	5	0.04147	17.8707
1809	5	0.24583	18.3451
1810	5	0.16222	17.8523
1811	5	0.0849	17.846
1812	5	0.05169	17.2398
1813	5	0.04639	17.5467
1814	5	0.04418	17.4147
1815	5	0.04082	19.0275
1816	5	0.03821	17.179
1817	5	0.08492	18.2418
1818	5	0.05387	18.1147
1819	5	0.04585	17.8695
1820	5	0.04345	19.1098
1821	5	0.03996	18.4115
1822	5	0.03721	19.4895
1823	5	0.04617	18.0033
1824	5	0.04361	17.8079
1825	5	0.04013	18.8159
1826	5	0.03676	17.5053
1827	5	0.03663	18.834
1828	5	0.03923	17.7873
1829	5	0.0363	18.565
1830	5	0.03485	18.5029
1831	5	0.03545	18.8058
1832	5	0.03502	18.4225
1833	5	0.43281	17.1342
1834	5	0.41981	16.9199
1835	5	0.40207	16.8717
1836	5	0.38139	17.0833
1837	5	0.34557	17.306
1838	5	0.30988	17.8342
1839	5	0.28475	18.0895
1840	5	0.24305	18.3469
1841	5	0.16517	18.1649
1842	5	0.08508	17.1163
1843	5	0.05145	17.9717
1844	5	0.04825	18.3972
1845	5	0.04883	18.3311
1846	5	0.40036	16.8827
1847	5	0.37719	17.058
1848	5	0.3474	17.3344
1849	5	0.31333	17.9629
1850	5	0.28475	18.2446
1851	5	0.24233	18.2015
1852	5	0.16354	17.5773
1853	5	0.08439	17.9544
1854	5	0.04914	18.3587
1855	5	0.04492	18.5502
1856	5	0.04598	18.6194
1857	5	0.04841	18.1182
1858	5	0.34556	17.509
1859	5	0.30915	17.8206
1860	5	0.28098	18.1122
1861	5	0.24701	17.9091
1862	5	0.16507	17.7895
1863	5	0.08415	17.8484
1864	5	0.05022	18.4722
1865	5	0.04505	17.2377
1866	5	0.04442	17.2281
1867	5	0.04499	17.7184
1868	5	0.28367	18.1068
1869	5	0.24594	17.8942
1870	5	0.16289	17.6241
1871	5	0.08374	17.5937
1872	5	0.04981	17.4258
1873	5	0.04564	17.8422
1874	5	0.04342	17.7116
1875	5	0.04342	17.9053
1876	5	0.04346	18.5589
1877	5	0.16633	17.5345
1878	5	0.08389	18.0879
1879	5	0.05115	18.0154
1880	5	0.04528	17.3787
1881	5	0.04321	17.7415
1882	5	0.0419	17.5975
1883	5	0.03986	17.5905
1884	5	0.0501	17.9641
1885	5	0.04521	17.869
1886	5	0.04194	18.5377
1887	5	0.04144	17.1953
1888	5	0.03857	18.8569
1889	5	0.03583	17.5859
1890	5	0.04361	17.6178
1891	5	0.04013	18.0771
1892	5	0.03861	18.6995
1893	5	0.03561	18.7343
1894	5	0.03774	17.8191
1895	5	0.03486	17.3818
1896	5	0.03309	17.7647
1897	5	0.03462	16.6183
1898	5	0.37658	16.9765
1899	5	0.34605	17.0988
1900	5	0.30917	17.8031
1901	5	0.2833	17.9039
1902	5	0.24425	18.0419
1903	5	0.1657	18.0987
1904	5	0.08462	17.2478
1905	5	0.0485	17.6296
1906	5	0.04336	17.049
1907	5	0.0452	17.928
1908	5	0.04836	17.6602
1909	5	0.31323	17.5416
1910	5	0.28495	17.8402
1911	5	0.24538	18.2425
1912	5	0.16647	18.2537
1913	5	0.08581	17.1426
1914	5	0.04959	17.5337
1915	5	0.0433	18.0237
1916	5	0.04388	18.6493
1917	5	0.04406	18.3855
1918	5	0.0455	18.1428
1919	5	0.24537	17.9243
1920	5	0.16638	17.8518
1921	5	0.0838	17.6361
1922	5	0.0507	17.0455
1923	5	0.04215	17.7648
1924	5	0.03992	17.0264
1925	5	0.04149	17.5872
1926	5	0.04283	17.5912
1927	5	0.08353	17.4696
1928	5	0.05074	17.7959
1929	5	0.04222	18.0629
1930	5	0.04093	17.7594
1931	5	0.04056	17.9876
1932	5	0.04162	18.1775
1933	5	0.03977	18.1339
1934	5	0.04257	17.6337
1935	5	0.04206	18.0214
1936	5	0.04042	18.342
1937	5	0.04033	18.5226
1938	5	0.03638	19.0454
1939	5	0.04097	17.7198
1940	5	0.03978	18.774
1941	5	0.03584	18.2923
1942	5	0.03494	17.6716
1943	5	0.03639	17.475
1944	5	0.03418	17.1193
1945	5	0.03266	17.718
1946	5	0.28372	17.9301
1947	5	0.24813	17.9747
1948	5	0.16277	17.8966
1949	5	0.08423	17.0482
1950	5	0.04975	17.1684
1951	5	0.04244	17.4599
1952	5	0.03855	18.1896
1953	5	0.04232	17.5338
1954	5	0.04479	18.3178
1955	5	0.16452	17.5814
1956	5	0.08257	17.1655
1957	5	0.04943	18.1059
1958	5	0.04271	17.5049
1959	5	0.03981	17.3817
1960	5	0.03944	17.403
1961	5	0.04164	18.2027
1962	5	0.04267	18.1734
1963	5	0.05041	18.0908
1964	5	0.04195	16.6289
1965	5	0.04073	16.8841
1966	5	0.03865	17.2688
1967	5	0.03908	17.3192
1968	5	0.04201	17.8045
1969	5	0.03933	18.4876
1970	5	0.03885	18.1019
1971	5	0.03832	17.5218
1972	5	0.03715	17.5055
1973	5	0.03701	17.2438
1974	5	0.03905	17.0731
1975	5	0.03736	18.2858
1976	5	0.03518	17.5199
1977	5	0.03482	17.5968
1978	5	0.03304	18.0196
1979	5	0.08315	16.8932
1980	5	0.05003	17.5886
1981	5	0.04221	17.5561
1982	5	0.03845	17.8478
1983	5	0.03813	18.1571
1984	5	0.03992	18.7194
1985	5	0.0427	18.5277
1986	5	0.04248	18.263
1987	5	0.03833	18.7757
1988	5	0.03716	17.8332
1989	5	0.03747	17.9889
1990	5	0.03902	18.4331
1991	5	0.04173	17.4558
1992	5	0.03641	18.2144
1993	5	0.03598	17.15
1994	5	0.03786	18.3965
1995	5	0.03805	18.2688
1996	5	0.03798	18.5784
1997	5	0.03634	18.0128
1998	5	0.03554	18.4882
1999	5	0.03587	17.0459
2000	5	0.03833	18.2046
2001	5	0.03609	16.8815
2002	5	0.03491	18.3661
2003	5	0.03716	17.833
2004	5	0.03981	18.8545
2005	5	0.03502	17.2297
2006	5	0.03564	17.7437
2007	5	0.03874	18.9788
2008	5	0.03901	17.7269
2009	5	0.03628	17.7808
2010	5	0.03697	18.0825
2011	5	0.03658	19.0377
2012	5	0.03482	17.5614
2013	5	0.03599	17.9215
2014	5	0.0397	19.1668
2015	5	0.03925	18.2469
2016	5	0.04005	18.3432
2017	5	0.04204	18.2805
2018	5	0.51562	18.3478
2019	5	0.5105	18.3417
2020	5	0.50836	17.9459
2021	5	0.5004	18.0015
2022	5	0.49414	18.1189
2023	5	0.48784	17.7244
2024	5	0.48005	17.9031
2025	5	0.47137	17.7954
2026	5	0.46291	17.7083
2027	5	0.45339	17.8402
2028	5	0.44474	17.6986
2029	5	0.43155	17.6317
2030	5	0.41882	17.6816
2031	5	0.40113	17.8107
2032	5	0.38053	18.1229
2033	5	0.3435	18.4125
2034	5	0.31144	18.8918
2035	5	0.28132	19.2457
2036	5	0.24619	19.3725
2037	5	0.18063	18.8125
2038	5	0.13562	18.7066
2039	5	0.50612	18.3865
2040	5	0.5008	18.213
2041	5	0.4943	18.1725
2042	5	0.48768	17.9638
2043	5	0.47847	18.1168
2044	5	0.47133	17.8949
2045	5	0.45996	17.9782
2046	5	0.45532	17.7507
2047	5	0.44357	17.7156
2048	5	0.43193	17.7522
2049	5	0.41661	17.9021
2050	5	0.40161	17.6899
2051	5	0.37866	18.0296
2052	5	0.34465	18.6537
2053	5	0.31008	19.0063
2054	5	0.28254	19.4979
2055	5	0.24242	19.4969
2056	5	0.17096	19.3397
2057	5	0.10304	19.5211
2058	5	0.49499	18.129
2059	5	0.49022	17.8489
2060	5	0.47945	17.9985
2061	5	0.47229	17.9688
2062	5	0.46326	17.5724
2063	5	0.45473	17.8411
2064	5	0.44471	17.5611
2065	5	0.43116	17.7185
2066	5	0.41815	17.3792
2067	5	0.40084	17.8802
2068	5	0.38029	18.054
2069	5	0.34565	18.5601
2070	5	0.30776	18.8735
2071	5	0.28205	19.0527
2072	5	0.24444	19.3853
2073	5	0.17069	18.5475
2074	5	0.09619	18.4195
2075	5	0.06945	18.9617
2076	5	0.47959	17.6207
2077	5	0.47231	18.0133
2078	5	0.4651	17.6533
2079	5	0.45399	17.4711
2080	5	0.4442	17.6498
2081	5	0.43044	17.5417
2082	5	0.41697	17.6385
2083	5	0.39855	17.5609
2084	5	0.37669	17.9065
2085	5	0.34581	18.5146
2086	5	0.3109	19.0315
2087	5	0.2832	18.9927
2088	5	0.24456	19.4962
2089	5	0.16814	19.2612
2090	5	0.08971	18.2434
2091	5	0.05898	18.9889
2092	5	0.46413	17.4978
2093	5	0.45298	17.6585
2094	5	0.44446	17.5195
2095	5	0.43147	17.7787
2096	5	0.41865	17.628
2097	5	0.40007	17.7773
2098	5	0.3809	17.7284
2099	5	0.34489	18.1573
2100	5	0.31288	18.6933
2101	5	0.28576	19.1127
2102	5	0.24415	19.1477
2103	5	0.16761	18.4015
2104	5	0.08828	18.5524
2105	5	0.0576	19.5204
2106	5	0.04827	18.8977
2107	5	0.44306	17.4692
2108	5	0.4341	17.3507
2109	5	0.41692	17.4385
2110	5	0.3999	17.8482
2111	5	0.38026	17.8434
2112	5	0.34505	18.1082
2113	5	0.31252	18.6903
2114	5	0.28324	18.9023
2115	5	0.24363	18.7105
2116	5	0.16684	18.3698
2117	5	0.09135	18.1977
2118	5	0.05529	18.9533
2119	5	0.04587	17.9424
2120	5	0.42019	17.5775
2121	5	0.39888	17.4731
2122	5	0.38266	17.4385
2123	5	0.34755	18.183
2124	5	0.31062	18.3868
2125	5	0.28334	18.9561
2126	5	0.24785	19.3354
2127	5	0.16871	18.8779
2128	5	0.08993	18.3352
2129	5	0.05472	18.8515
2130	5	0.04434	18.0021
2131	5	0.04258	17.9909
2132	5	0.37927	18.2144
2133	5	0.34948	18.2125
2134	5	0.31039	18.7395
2135	5	0.28028	18.9047
2136	5	0.24333	19.1742
2137	5	0.16795	18.0481
2138	5	0.0909	18.1908
2139	5	0.05437	18.8066
2140	5	0.04395	19.413
2141	5	0.0413	19.0989
2142	5	0.30906	18.5584
2143	5	0.28392	18.6091
2144	5	0.24575	19.1281
2145	5	0.16625	18.33
2146	5	0.08868	17.6452
2147	5	0.0537	18.7045
2148	5	0.04419	17.8205
2149	5	0.03953	18.5626
2150	5	0.04009	19.0551
2151	5	0.24598	18.5388
2152	5	0.16828	18.2419
2153	5	0.08891	19.0298
2154	5	0.05285	19.1581
2155	5	0.04321	18.8736
2156	5	0.039	18.1654
2157	5	0.03992	19.0107
2158	5	0.08908	19.1141
2159	5	0.05458	18.7051
2160	5	0.04325	19.2927
2161	5	0.03899	19.4212
2162	5	0.03806	18.7806
2163	5	0.03943	18.4301
2164	5	0.04276	18.475
2165	5	0.03977	19.7687
2166	5	0.03942	19.3678
2167	5	0.03831	19.5902
2168	5	0.03848	18.5147
2169	5	0.03794	19.5226
2170	5	0.03844	19.4637
2171	5	0.03776	18.0255
2172	5	0.50159	18.5052
2173	5	0.49467	18.2108
2174	5	0.48727	17.9879
2175	5	0.47987	17.9039
2176	5	0.47124	17.8114
2177	5	0.46114	17.7705
2178	5	0.45715	17.6881
2179	5	0.44502	17.899
2180	5	0.43264	18.1115
2181	5	0.41603	18.2191
2182	5	0.39968	18.1705
2183	5	0.37695	18.1006
2184	5	0.34395	18.7645
2185	5	0.31169	19.2023
2186	5	0.28289	19.8933
2187	5	0.24461	19.4881
2188	5	0.16677	18.8753
2189	5	0.09498	18.7087
2190	5	0.07298	19.1877
2191	5	0.48832	17.8314
2192	5	0.47836	17.9982
2193	5	0.47253	17.6986
2194	5	0.46314	17.8413
2195	5	0.45115	17.8214
2196	5	0.44263	17.6186
2197	5	0.43049	17.9408
2198	5	0.41888	17.9764
2199	5	0.40258	18.0743
2200	5	0.37834	18.057
2201	5	0.34635	18.4657
2202	5	0.31054	18.8508
2203	5	0.28431	19.6209
2204	5	0.24407	19.6401
2205	5	0.16561	19.3351
2206	5	0.09122	18.4924
2207	5	0.06417	18.8965
2208	5	0.47282	17.8692
2209	5	0.46498	17.7822
2210	5	0.45539	17.6046
2211	5	0.44419	17.7997
2212	5	0.43277	17.8631
2213	5	0.4155	17.819
2214	5	0.40128	17.9013
2215	5	0.38045	17.912
2216	5	0.34575	18.3742
2217	5	0.31171	18.5682
2218	5	0.28696	19.3429
2219	5	0.24465	19.726
2220	5	0.16731	18.8034
2221	5	0.09036	18.7437
2222	5	0.0591	19.5956
2223	5	0.05306	19.7932
2224	5	0.45524	17.7119
2225	5	0.44771	17.5816
2226	5	0.43387	17.6702
2227	5	0.41524	17.5634
2228	5	0.39916	17.4258
2229	5	0.37963	17.9626
2230	5	0.34578	18.3193
2231	5	0.31258	18.4341
2232	5	0.28302	19.2518
2233	5	0.24621	19.0505
2234	5	0.1661	18.6655
2235	5	0.08901	18.2202
2236	5	0.05555	19.3062
2237	5	0.04832	19.4213
2238	5	0.43163	17.528
2239	5	0.41337	17.4869
2240	5	0.39767	17.5856
2241	5	0.37926	17.8301
2242	5	0.34497	17.8771
2243	5	0.31201	18.5041
2244	5	0.2843	18.7282
2245	5	0.24496	19.4295
2246	5	0.16535	19.1122
2247	5	0.08783	18.7155
2248	5	0.05646	19.5784
2249	5	0.0483	19.4268
2250	5	0.04363	18.6328
2251	5	0.40068	17.6892
2252	5	0.38125	17.6541
2253	5	0.34515	18.4118
2254	5	0.31296	18.6475
2255	5	0.28478	18.9214
2256	5	0.2428	18.9385
2257	5	0.16554	18.7838
2258	5	0.08802	18.0414
2259	5	0.05725	19.0392
2260	5	0.04609	19.6298
2261	5	0.04007	19.2108
2262	5	0.34645	18.1295
2263	5	0.30922	18.7873
2264	5	0.28461	18.94
2265	5	0.2434	19.1387
2266	5	0.16462	18.9585
2267	5	0.08852	18.5083
2268	5	0.05594	18.9085
2269	5	0.04581	19.3319
2270	5	0.03951	19.2697
2271	5	0.03953	19.578
2272	5	0.28513	18.8796
2273	5	0.24551	18.9159
2274	5	0.16755	18.1674
2275	5	0.0903	18.0697
2276	5	0.05586	19.1781
2277	5	0.04605	19.7242
2278	5	0.03981	19.2209
2279	5	0.03839	17.8988
2280	5	0.16785	19.0289
2281	5	0.08794	18.5891
2282	5	0.05549	18.358
2283	5	0.04534	18.3575
2284	5	0.03961	19.1695
2285	5	0.03856	19.4914
2286	5	0.03788	19.6717
2287	5	0.05548	19.192
2288	5	0.04439	19.356
2289	5	0.03996	19.6965
2290	5	0.03816	18.9851
2291	5	0.03727	18.9631
2292	5	0.0393	18.6753
2293	5	0.03769	19.0211
2294	5	0.03768	18.3667
2295	5	0.03665	19.3482
2296	5	0.03711	17.9907
2297	5	0.03662	18.7277
2298	5	0.03565	19.6435
2299	5	0.47971	18.0837
2300	5	0.47532	17.7409
2301	5	0.46481	17.6807
2302	5	0.45539	17.7943
2303	5	0.44444	17.9309
2304	5	0.4318	17.9822
2305	5	0.41974	17.6083
2306	5	0.4034	17.8575
2307	5	0.38296	18.0036
2308	5	0.34912	18.3066
2309	5	0.31422	18.8019
2310	5	0.28366	19.3482
2311	5	0.24712	19.4396
2312	5	0.16559	19.0656
2313	5	0.08873	18.2947
2314	5	0.06045	19.4811
2315	5	0.05687	19.2436
2316	5	0.46641	18.0307
2317	5	0.4549	17.6339
2318	5	0.44709	17.6462
2319	5	0.43523	17.4746
2320	5	0.41622	17.3308
2321	5	0.40259	17.7659
2322	5	0.37879	18.2207
2323	5	0.34574	18.2531
2324	5	0.31095	18.8926
2325	5	0.28379	19.1493
2326	5	0.24503	19.6187
2327	5	0.16752	18.9742
2328	5	0.08684	18.7861
2329	5	0.05674	18.8208
2330	5	0.05184	18.8917
2331	5	0.44531	17.3969
2332	5	0.43059	17.5402
2333	5	0.41681	17.7231
2334	5	0.40228	17.5944
2335	5	0.38028	17.9131
2336	5	0.34613	18.37
2337	5	0.31192	18.8616
2338	5	0.28581	19.4487
2339	5	0.24406	19.0088
2340	5	0.16888	18.6419
2341	5	0.08802	17.7021
2342	5	0.05573	18.3359
2343	5	0.04891	19.8025
2344	5	0.04682	19.3531
2345	5	0.4172	17.4877
2346	5	0.4011	17.6233
2347	5	0.38097	17.8119
2348	5	0.34892	18.2352
2349	5	0.31182	18.7576
2350	5	0.28271	18.8455
2351	5	0.24497	19.0872
2352	5	0.16837	18.4099
2353	5	0.08675	18.8699
2354	5	0.05556	17.9117
2355	5	0.04757	19.2481
2356	5	0.04302	19.7068
2357	5	0.38015	17.9457
2358	5	0.34864	18.0784
2359	5	0.31193	18.5808
2360	5	0.28378	19.0894
2361	5	0.24386	19.1911
2362	5	0.16646	18.2945
2363	5	0.08728	18.5353
2364	5	0.0542	19.4271
2365	5	0.04722	18.4857
2366	5	0.04175	19.198
2367	5	0.03947	19.6122
2368	5	0.31408	18.4996
2369	5	0.28135	19.1361
2370	5	0.24647	19.2018
2371	5	0.16747	18.6248
2372	5	0.08764	18.3902
2373	5	0.05569	19.4297
2374	5	0.04756	18.8856
2375	5	0.04178	19.7794
2376	5	0.03909	18.205
2377	5	0.24528	19.3395
2378	5	0.1675	18.2258
2379	5	0.0867	18.2349
2380	5	0.05472	18.0063
2381	5	0.04591	18.3718
2382	5	0.04164	19.1235
2383	5	0.03791	19.4237
2384	5	0.03708	18.0786
2385	5	0.0871	18.8906
2386	5	0.0544	18.4381
2387	5	0.04611	19.4343
2388	5	0.04108	18.3291
2389	5	0.03761	19.2021
2390	5	0.03612	19.1107
2391	5	0.04588	19.3371
2392	5	0.04151	18.2015
2393	5	0.03743	19.0135
2394	5	0.0358	18.6383
2395	5	0.03594	19.4513
2396	5	0.03709	19.1534
2397	5	0.03618	18.9565
2398	5	0.03629	18.7257
2399	5	0.03555	19.7136
2400	5	0.03538	19.5055
2401	5	0.45068	17.5624
2402	5	0.44582	17.6217
2403	5	0.43405	17.4086
2404	5	0.41815	17.3921
2405	5	0.40117	17.6175
2406	5	0.38108	17.6681
2407	5	0.34513	18.1383
2408	5	0.31365	18.7103
2409	5	0.28452	19.2589
2410	5	0.24483	19.0183
2411	5	0.16685	18.4239
2412	5	0.08687	19.0962
2413	5	0.05334	19.079
2414	5	0.04897	18.1973
2415	5	0.04902	19.904
2416	5	0.42908	17.4684
2417	5	0.41741	17.5604
2418	5	0.40168	17.9114
2419	5	0.38043	17.8575
2420	5	0.34886	18.1992
2421	5	0.30981	18.5173
2422	5	0.28474	19.0705
2423	5	0.24569	18.8645
2424	5	0.16755	18.8001
2425	5	0.08762	17.5922
2426	5	0.05313	19.831
2427	5	0.04649	18.6243
2428	5	0.04641	20.0425
2429	5	0.39993	17.5078
2430	5	0.38078	17.8668
2431	5	0.34613	18.0802
2432	5	0.31238	18.605
2433	5	0.28362	18.5897
2434	5	0.24578	19.0055
2435	5	0.16459	18.8345
2436	5	0.08717	18.4827
2437	5	0.05356	19.1063
2438	5	0.04464	18.5551
2439	5	0.04376	19.3464
2440	5	0.04306	19.0373
2441	5	0.35033	17.8565
2442	5	0.31456	18.3016
2443	5	0.28706	18.6709
2444	5	0.24791	19.0965
2445	5	0.16506	18.2388
2446	5	0.08713	18.6246
2447	5	0.05345	19.2812
2448	5	0.04489	17.8831
2449	5	0.04186	18.8205
2450	5	0.04179	18.078
2451	5	0.28664	19.1283
2452	5	0.24714	18.8328
2453	5	0.16802	18.4325
2454	5	0.0868	18.3187
2455	5	0.05252	19.135
2456	5	0.04484	19.396
2457	5	0.04327	18.9058
2458	5	0.03986	19.1214
2459	5	0.0374	18.2802
2460	5	0.16661	18.6581
2461	5	0.08754	17.8083
2462	5	0.0526	18.9052
2463	5	0.04546	18.5625
2464	5	0.0415	18.5839
2465	5	0.038	19.3873
2466	5	0.03708	18.9899
2467	5	0.05175	18.9464
2468	5	0.04622	18.9448
2469	5	0.04129	18.6793
2470	5	0.03833	19.923
2471	5	0.03469	18.3172
2472	5	0.03409	18.4324
2473	5	0.04209	18.7572
2474	5	0.03905	18.5648
2475	5	0.03592	18.8919
2476	5	0.03433	18.1131
2477	5	0.0352	19.4597
2478	5	0.03468	18.474
2479	5	0.03453	20.0647
2480	5	0.03404	20.1512
2481	5	0.41793	17.5463
2482	5	0.40338	17.3967
2483	5	0.37969	17.4384
2484	5	0.34977	17.9897
2485	5	0.31315	18.4736
2486	5	0.28609	18.9498
2487	5	0.24485	18.6693
2488	5	0.16584	18.4606
2489	5	0.08718	18.2064
2490	5	0.05293	18.4438
2491	5	0.04453	18.1266
2492	5	0.04565	19.2375
2493	5	0.04597	18.5167
2494	5	0.38106	17.6197
2495	5	0.34615	17.8148
2496	5	0.31322	18.4774
2497	5	0.28581	18.6356
2498	5	0.24375	19.3318
2499	5	0.16447	18.2271
2500	5	0.08849	18.0308
2501	5	0.05218	18.5777
2502	5	0.04374	18.0422
2503	5	0.04142	17.7164
2504	5	0.04382	19.6611
2505	5	0.315	18.1274
2506	5	0.28403	18.7873
2507	5	0.24564	18.5139
2508	5	0.16824	18.3039
2509	5	0.08684	18.1903
2510	5	0.05243	18.2393
2511	5	0.04266	17.7907
2512	5	0.04192	18.3481
2513	5	0.04066	18.1095
2514	5	0.04043	18.3814
2515	5	0.24415	18.7318
2516	5	0.16767	18.2873
2517	5	0.08819	18.2562
2518	5	0.05267	18.8174
2519	5	0.04333	18.3883
2520	5	0.04106	19.2216
2521	5	0.03904	19.0779
2522	5	0.03798	18.1371
2523	5	0.08753	18.3836
2524	5	0.05266	18.64
2525	5	0.04295	17.5415
2526	5	0.04099	19.1585
2527	5	0.03965	18.949
2528	5	0.03715	19.1099
2529	5	0.03595	17.7981
2530	5	0.0433	18.6291
2531	5	0.04159	18.5873
2532	5	0.03934	19.1019
2533	5	0.03657	18.4971
2534	5	0.03405	18.0591
2535	5	0.04037	18.7237
2536	5	0.03682	19.2467
2537	5	0.0339	18.45
2538	5	0.03284	18.4851
2539	5	0.03391	19.7455
2540	5	0.03273	18.901
2541	5	0.03264	19.0075
2542	5	0.34723	17.4084
2543	5	0.31108	17.7998
2544	5	0.28618	18.4169
2545	5	0.24507	18.8637
2546	5	0.16879	18.8951
2547	5	0.08865	18.6664
2548	5	0.05359	18.4427
2549	5	0.04233	18.6137
2550	5	0.03942	18.16
2551	5	0.04132	20.0413
2552	5	0.04258	19.5716
2553	5	0.2865	18.6053
2554	5	0.24661	18.507
2555	5	0.16554	18.3367
2556	5	0.08779	18.1176
2557	5	0.0521	17.9978
2558	5	0.04197	19.4551
2559	5	0.03868	18.5593
2560	5	0.03909	19.1474
2561	5	0.04122	19.7575
2562	5	0.16589	18.6066
2563	5	0.0877	18.0406
2564	5	0.05228	18.803
2565	5	0.04333	18.3679
2566	5	0.03897	18.4457
2567	5	0.0395	18.9337
2568	5	0.03803	18.3599
2569	5	0.03919	19.2983
2570	5	0.05296	19.0978
2571	5	0.0434	18.5264
2572	5	0.038	18.3492
2573	5	0.03806	18.0388
2574	5	0.03713	19.607
2575	5	0.03595	19.2813
2576	5	0.04	18.9972
2577	5	0.03897	17.8279
2578	5	0.03804	19.2682
2579	5	0.03478	18.6713
2580	5	0.0349	18.3501
2581	5	0.03783	17.9375
2582	5	0.03582	18.2797
2583	5	0.03234	18.3738
2584	5	0.03264	17.9963
2585	5	0.03167	19.0316
2586	5	0.24012	18.4571
2587	5	0.16683	17.9054
2588	5	0.0868	18.6223
2589	5	0.05311	18.4197
2590	5	0.04143	19.133
2591	5	0.03886	19.0919
2592	5	0.03713	19.1305
2593	5	0.03955	19.2186
2594	5	0.04165	18.5737
2595	5	0.08768	17.7724
2596	5	0.0529	18.7596
2597	5	0.04291	18.3132
2598	5	0.03714	18.8313
2599	5	0.0359	17.6923
2600	5	0.03773	18.2361
2601	5	0.03808	19.7572
2602	5	0.04276	18.1454
2603	5	0.03835	18.2896
2604	5	0.03663	18.6396
2605	5	0.03641	17.6689
2606	5	0.03666	19.0774
2607	5	0.03732	18.0754
2608	5	0.03525	17.7453
2609	5	0.0354	18.118
2610	5	0.03677	18.0843
2611	5	0.03459	18.7674
2612	5	0.03495	20.2006
2613	5	0.03481	19.329
2614	5	0.03184	19.6018
2615	5	0.03087	18.0935
2616	5	0.05323	18.0409
2617	5	0.04307	18.0782
2618	5	0.03879	17.6861
2619	5	0.03654	17.9958
2620	5	0.03446	19.4171
2621	5	0.03747	19.4056
2622	5	0.03846	18.7168
2623	5	0.03873	18.1242
2624	5	0.03493	18.1085
2625	5	0.03408	18.8497
2626	5	0.03427	19.332
2627	5	0.03741	17.5683
2628	5	0.03334	17.9268
2629	5	0.03495	19.5454
2630	5	0.03523	19.2679
2631	5	0.0354	18.9625
2632	5	0.03473	19.0267
2633	5	0.03338	17.8873
2634	5	0.03029	19.0219
2635	5	0.03598	18.8957
2636	5	0.03395	17.8862
2637	5	0.03273	19.1679
2638	5	0.03613	18.942
2639	5	0.03714	19.0294
2640	5	0.03154	17.8312
2641	5	0.0337	18.1916
2642	5	0.03607	20.0845
2643	5	0.0336	18.8623
2644	5	0.03465	19.4104
2645	5	0.03145	19.1765
2646	5	0.0342	19.2354
2647	5	0.03777	18.501
2648	5	0.03701	18.8185
2649	5	0.03802	19.8752
2650	5	0.49394	18.3701
2651	5	0.48742	18.1971
2652	5	0.48133	17.9077
2653	5	0.47107	17.7888
2654	5	0.46374	17.7301
2655	5	0.45506	17.7868
2656	5	0.44196	17.6773
2657	5	0.4322	18.035
2658	5	0.4165	18.0021
2659	5	0.39986	17.9282
2660	5	0.37951	18.1638
2661	5	0.34636	18.3359
2662	5	0.30996	19.5454
2663	5	0.28765	19.7195
2664	5	0.24583	19.9302
2665	5	0.16755	19.2487
2666	5	0.08965	18.9013
2667	5	0.06565	19.8381
2668	5	0.48079	18.0738
2669	5	0.4714	17.7166
2670	5	0.46773	17.9225
2671	5	0.45609	17.9176
2672	5	0.4446	17.9855
2673	5	0.4295	18.0871
2674	5	0.41935	17.861
2675	5	0.40159	18.1073
2676	5	0.38029	18.0928
2677	5	0.34435	18.9513
2678	5	0.31274	19.0331
2679	5	0.28375	19.7178
2680	5	0.24394	19.7288
2681	5	0.16411	18.6909
2682	5	0.08878	19.1274
2683	5	0.06047	19.3016
2684	5	0.05655	19.5611
2685	5	0.46334	17.9602
2686	5	0.45542	17.7376
2687	5	0.44331	17.7577
2688	5	0.43016	18.0029
2689	5	0.41608	17.8742
2690	5	0.40347	17.9811
2691	5	0.37953	17.751
2692	5	0.34802	18.3967
2693	5	0.30838	19.0823
2694	5	0.28659	19.2982
2695	5	0.24444	19.5223
2696	5	0.16353	18.9923
2697	5	0.08785	19.2376
2698	5	0.05777	18.762
2699	5	0.0502	18.9904
2700	5	0.44756	17.8635
2701	5	0.43227	17.4554
2702	5	0.4185	17.7138
2703	5	0.40138	17.6733
2704	5	0.37903	17.786
2705	5	0.34792	18.4263
2706	5	0.31313	18.7312
2707	5	0.28486	19.0836
2708	5	0.24557	19.5774
2709	5	0.16735	18.8078
2710	5	0.08805	18.3451
2711	5	0.05741	18.6614
2712	5	0.04676	18.4736
2713	5	0.04539	18.787
2714	5	0.41811	17.785
2715	5	0.40372	17.8694
2716	5	0.37844	17.7807
2717	5	0.34649	18.2489
2718	5	0.3132	18.5656
2719	5	0.2859	19.3315
2720	5	0.24633	19.1771
2721	5	0.16837	19.4713
2722	5	0.08775	18.2107
2723	5	0.05615	18.7777
2724	5	0.04767	20.2434
2725	5	0.04088	18.9412
2726	5	0.38035	17.408
2727	5	0.34633	18.1481
2728	5	0.31156	18.5385
2729	5	0.28671	19.1015
2730	5	0.24432	19.146
2731	5	0.16616	18.8533
2732	5	0.08752	18.9347
2733	5	0.05691	19.1793
2734	5	0.04776	19.8222
2735	5	0.04202	18.0158
2736	5	0.03927	18.6779
2737	5	0.31321	18.5463
2738	5	0.28394	19.0987
2739	5	0.24473	19.2129
2740	5	0.16476	18.5148
2741	5	0.08722	18.9855
2742	5	0.05785	19.317
2743	5	0.04762	19.2636
2744	5	0.04157	19.3672
2745	5	0.03834	19.5305
2746	5	0.24454	19.1966
2747	5	0.16752	19.0363
2748	5	0.08897	18.5506
2749	5	0.05668	18.7003
2750	5	0.04635	18.9533
2751	5	0.04026	20.222
2752	5	0.03697	18.4499
2753	5	0.03702	19.3325
