0	1	0.58006	94.9984
1	2	0.57956	17.314
2	2	0.57683	17.6034
3	2	0.57659	17.6255
4	2	0.57501	17.5137
5	2	0.5704	17.4306
6	2	0.56926	17.4512
7	2	0.56102	17.6717
8	2	0.5615	17.7185
9	2	0.55692	18.0157
10	2	0.55645	18.2663
11	2	0.54987	18.567
12	2	0.54568	19.0807
13	2	0.54371	19.2537
14	2	0.54554	19.84
15	2	0.58475	23.8642
16	2	0.64359	29.9512
17	2	0.66769	32.9938
18	2	0.6745	33.4463
19	2	0.68283	32.9868
20	2	0.69586	32.9664
21	2	0.70304	32.5516
22	2	0.70709	31.9424
23	2	0.70746	32.5465
24	2	0.71343	32.747
25	2	0.71313	33.4137
26	3	0.58045	21.7897
27	3	0.57608	23.1763
28	3	0.57475	23.1266
29	3	0.57409	22.2993
30	3	0.56953	21.8691
31	3	0.56782	21.4813
32	3	0.56515	20.9136
33	3	0.56154	20.3314
34	3	0.55731	19.7669
35	3	0.55568	19.4094
36	3	0.54921	18.6622
37	3	0.54722	18.5419
38	3	0.54371	18.4759
39	3	0.54807	17.6524
40	3	0.58527	15.8633
41	3	0.6452	14.5954
42	3	0.67081	14.178
43	3	0.67419	14.2407
44	3	0.685	14.1445
45	3	0.69475	14.3469
46	3	0.70353	14.2952
47	3	0.70661	14.4167
48	3	0.70984	14.4704
49	3	0.71386	14.5223
50	3	0.57678	24.7086
51	3	0.57233	24.49
52	3	0.56804	24.1297
53	3	0.56911	23.4945
54	3	0.56462	22.4539
55	3	0.56245	21.9975
56	3	0.55952	21.4276
57	3	0.55384	20.9487
58	3	0.55243	20.7706
59	3	0.54701	20.1182
60	3	0.54406	19.8484
61	3	0.53974	18.9589
62	3	0.54505	18.4426
63	3	0.58188	16.7973
64	3	0.6415	15.3524
65	3	0.66626	14.838
66	3	0.67232	14.7237
67	3	0.68137	14.7757
68	3	0.69155	14.8608
69	3	0.70181	14.8013
70	3	0.70476	14.9924
71	3	0.70553	15.1148
72	3	0.70705	14.9601
73	3	0.57274	23.9816
74	3	0.56563	24.1418
75	3	0.56286	22.9239
76	3	0.55994	22.1593
77	3	0.5571	21.4716
78	3	0.55297	21.4543
79	3	0.55127	20.8422
80	3	0.54837	20.5193
81	3	0.54202	19.8107
82	3	0.53884	19.3412
83	3	0.54028	18.9333
84	3	0.54104	18.1589
85	3	0.58058	16.7393
86	3	0.642	15.1508
87	3	0.66315	14.6701
88	3	0.66676	14.6173
89	3	0.67799	14.6713
90	3	0.68892	14.8764
91	3	0.69414	14.9686
92	3	0.69603	15.0056
93	3	0.70003	14.8078
94	3	0.56017	22.9863
95	3	0.56005	22.13
96	3	0.55576	21.8768
97	3	0.55261	20.7907
98	3	0.55099	20.6892
99	3	0.54876	20.3893
100	3	0.54096	19.5953
101	3	0.54112	19.2139
102	3	0.53976	18.1736
103	3	0.53565	18.3647
104	3	0.54047	17.6375
105	3	0.57522	16.1991
106	3	0.63453	14.8693
107	3	0.65945	14.4164
108	3	0.66504	14.6813
109	3	0.67767	14.6004
110	3	0.68405	14.6806
111	3	0.68861	14.7436
112	3	0.69094	14.6953
113	3	0.69087	14.6283
114	3	0.55477	22.1121
115	3	0.55574	20.7468
116	3	0.5497	20.3992
117	3	0.54748	20.126
118	3	0.54015	19.6717
119	3	0.53899	18.9791
120	3	0.53712	18.6713
121	3	0.53627	18.0755
122	3	0.53087	17.5157
123	3	0.53264	17.2336
124	3	0.57162	15.5704
125	3	0.63026	14.8573
126	3	0.65394	14.4383
127	3	0.65561	14.4469
128	3	0.66569	14.2953
129	3	0.67592	14.4451
130	3	0.68368	14.4239
131	3	0.68401	14.6058
132	3	0.55037	20.2339
133	3	0.54904	19.7906
134	3	0.54226	19.3101
135	3	0.53629	18.7019
136	3	0.53685	18.2181
137	3	0.53337	17.9286
138	3	0.53099	17.5529
139	3	0.52947	17.2717
140	3	0.52811	16.7091
141	3	0.56328	15.6352
142	3	0.62534	14.3664
143	3	0.64891	14.1311
144	3	0.65319	13.9916
145	3	0.66173	14.332
146	3	0.67382	14.2432
147	3	0.67474	14.2
148	3	0.67686	14.3729
149	3	0.54202	19.5568
150	3	0.54048	18.7884
151	3	0.53933	18.0976
152	3	0.53183	17.7284
153	3	0.5313	17.3874
154	3	0.52773	17.1203
155	3	0.524	16.8221
156	3	0.52161	16.0385
157	3	0.56102	15.198
158	3	0.61916	14.1188
159	3	0.64533	14.0368
160	3	0.6449	14.1579
161	3	0.65586	13.9492
162	3	0.66467	14.0692
163	3	0.66652	14.1837
164	3	0.5384	17.9238
165	3	0.53384	17.7046
166	3	0.52868	17.4535
167	3	0.52424	17.0739
168	3	0.52154	16.6923
169	3	0.51938	16.469
170	3	0.51564	15.864
171	3	0.55485	15.045
172	3	0.61081	13.9408
173	3	0.63781	13.8051
174	3	0.63995	13.9694
175	3	0.64653	13.9317
176	3	0.65293	14.0451
177	3	0.6589	13.9447
178	3	0.52825	17.0754
179	3	0.52673	16.8572
180	3	0.51959	16.5856
181	3	0.51622	16.3902
182	3	0.51051	16.0156
183	3	0.51055	15.4084
184	3	0.54567	14.829
185	3	0.60712	13.9876
186	3	0.62926	13.7747
187	3	0.63181	13.833
188	3	0.63975	13.7969
189	3	0.64414	13.7249
190	3	0.52152	16.6498
191	3	0.51654	16.0297
192	3	0.51264	15.9643
193	3	0.50224	15.5258
194	3	0.50206	15.1152
195	3	0.53966	14.5938
196	3	0.59741	13.7537
197	3	0.62183	13.6817
198	3	0.62193	13.7203
199	3	0.62822	13.9077
200	3	0.63284	13.8212
201	3	0.50913	15.725
202	3	0.49996	15.545
203	3	0.49325	15.3213
204	3	0.49455	14.9927
205	3	0.52749	14.0365
206	3	0.59255	13.8738
207	3	0.61132	13.8059
208	3	0.60918	13.8666
209	3	0.61496	13.9238
210	3	0.49329	15.2053
211	3	0.4869	15.2385
212	3	0.48181	14.6931
213	3	0.51564	14.163
214	3	0.57833	13.7477
215	3	0.60084	13.7929
216	3	0.5998	13.7187
217	3	0.59396	13.8943
218	3	0.48037	14.8069
219	3	0.47412	14.5752
220	3	0.50679	14.2447
221	3	0.57027	13.85
222	3	0.5874	13.8729
223	3	0.57903	13.8374
224	3	0.46701	14.4638
225	3	0.5018	13.9226
226	3	0.5599	13.8547
227	3	0.57138	13.8211
228	3	0.56884	14.1829
229	3	0.53137	14.0543
230	3	0.57754	13.9997
231	3	0.59416	14.2107
232	3	0.62699	14.1976
233	3	0.64825	14.3378
234	4	0.57962	27.4281
235	4	0.57462	29.3545
236	4	0.57034	28.7578
237	4	0.5662	28.1253
238	4	0.56711	27.6466
239	4	0.56354	26.9884
240	4	0.56265	26.7626
241	4	0.56243	26.2923
242	4	0.55314	26.0011
243	4	0.55181	25.2703
244	4	0.54811	25.7196
245	4	0.54295	25.2123
246	4	0.53928	24.5853
247	4	0.5449	23.8506
248	4	0.58391	22.1143
249	4	0.64311	21.3572
250	4	0.66527	20.9574
251	4	0.67381	21.1782
252	4	0.68119	20.9054
253	4	0.69371	21.1935
254	4	0.69887	21.0342
255	4	0.7025	21.0514
256	4	0.70438	21.0663
257	4	0.70534	21.0659
258	4	0.57406	30.4555
259	4	0.56872	29.9561
260	4	0.56674	29.5877
261	4	0.56535	28.9774
262	4	0.55991	28.9597
263	4	0.55805	27.672
264	4	0.55584	27.6597
265	4	0.55131	27.4343
266	4	0.54491	27.2082
267	4	0.54294	26.8502
268	4	0.54002	26.5832
269	4	0.53955	25.6562
270	4	0.54449	24.9697
271	4	0.58316	23.1495
272	4	0.64173	22.1881
273	4	0.66322	22.1702
274	4	0.67034	22.0026
275	4	0.67888	22.1065
276	4	0.69027	22.2603
277	4	0.69531	22.1396
278	4	0.69959	22.5007
279	4	0.701	22.2867
280	4	0.56609	30.0917
281	4	0.56283	29.5537
282	4	0.56078	28.8657
283	4	0.55435	28.7639
284	4	0.5548	27.8645
285	4	0.55493	27.5609
286	4	0.54661	27.0189
287	4	0.54068	26.7995
288	4	0.5423	26.1865
289	4	0.53786	25.8195
290	4	0.53504	25.3942
291	4	0.54242	24.5294
292	4	0.5769	23.0063
293	4	0.63544	22.2599
294	4	0.65862	21.9965
295	4	0.6632	21.9336
296	4	0.67434	21.9337
297	4	0.68496	22.5524
298	4	0.68808	22.1265
299	4	0.69422	22.1513
300	4	0.6945	22.2294
301	4	0.55838	28.7978
302	4	0.55672	28.458
303	4	0.55625	28.3342
304	4	0.54982	27.7493
305	4	0.5445	27.0084
306	4	0.54289	26.9738
307	4	0.54039	25.9252
308	4	0.53475	25.7909
309	4	0.54078	25.026
310	4	0.53613	24.1303
311	4	0.53758	24.384
312	4	0.57347	22.8779
313	4	0.63433	21.8604
314	4	0.65433	21.489
315	4	0.65997	21.7641
316	4	0.66887	21.767
317	4	0.68285	22.1593
318	4	0.6819	22.004
319	4	0.68391	22.0894
320	4	0.55556	28.1927
321	4	0.55409	27.2907
322	4	0.54688	26.6343
323	4	0.54375	26.2599
324	4	0.54	25.9695
325	4	0.53639	25.6216
326	4	0.53573	24.8337
327	4	0.53247	24.5294
328	4	0.52875	24.1003
329	4	0.53179	23.6247
330	4	0.56676	22.4468
331	4	0.62839	21.2937
332	4	0.65133	21.0092
333	4	0.6544	21.1928
334	4	0.66491	21.1999
335	4	0.66981	21.8943
336	4	0.67523	21.5643
337	4	0.67746	21.4305
338	4	0.54881	26.7875
339	4	0.54242	26.4002
340	4	0.53832	25.5174
341	4	0.53678	25.0511
342	4	0.53655	24.6159
343	4	0.52907	24.2534
344	4	0.5273	23.926
345	4	0.52017	23.5763
346	4	0.52399	23.1518
347	4	0.56551	22.0166
348	4	0.62201	21.1463
349	4	0.64513	20.8125
350	4	0.6482	20.7325
351	4	0.65792	21.092
352	4	0.66569	20.7628
353	4	0.6692	20.8319
354	4	0.54034	25.8205
355	4	0.53753	25.6526
356	4	0.53378	24.6569
357	4	0.53123	24.1067
358	4	0.52988	23.8356
359	4	0.52307	23.663
360	4	0.51608	23.5664
361	4	0.51944	22.6743
362	4	0.55582	21.2509
363	4	0.62052	20.514
364	4	0.63852	20.4885
365	4	0.64553	20.6031
366	4	0.64771	20.6563
367	4	0.6622	20.5198
368	4	0.65923	20.8345
369	4	0.53659	24.6483
370	4	0.5336	24.55
371	4	0.5268	23.7461
372	4	0.52325	23.1579
373	4	0.51663	22.8107
374	4	0.51024	23.2984
375	4	0.51382	22.9277
376	4	0.54928	21.0094
377	4	0.60892	20.4659
378	4	0.63011	20.0006
379	4	0.6378	20.3004
380	4	0.6383	20.3403
381	4	0.64592	20.5263
382	4	0.52637	23.7309
383	4	0.52202	23.2303
384	4	0.51792	23.5011
385	4	0.51199	22.7484
386	4	0.50731	22.1818
387	4	0.50425	22.1823
388	4	0.54402	20.7768
389	4	0.60497	20.2446
390	4	0.6274	20.1333
391	4	0.62546	20.0018
392	4	0.63066	19.91
393	4	0.63686	20.4678
394	4	0.5191	22.9854
395	4	0.5098	23.1559
396	4	0.50658	22.1884
397	4	0.49723	22.186
398	4	0.49508	21.9083
399	4	0.53489	20.7518
400	4	0.59423	19.8447
401	4	0.61475	19.8075
402	4	0.61523	19.9267
403	4	0.61559	19.9278
404	4	0.50334	22.2787
405	4	0.49529	22.1755
406	4	0.48935	21.9853
407	4	0.48674	21.0758
408	4	0.51966	20.5856
409	4	0.58253	19.77
410	4	0.60315	19.9474
411	4	0.60097	19.5463
412	4	0.59789	19.5011
413	4	0.48757	21.9813
414	4	0.48135	21.673
415	4	0.47552	21.2168
416	4	0.50944	20.3464
417	4	0.57284	19.5399
418	4	0.58888	19.4671
419	4	0.58224	19.2986
420	4	0.46848	21.2794
421	4	0.46338	21.0023
422	4	0.49814	20.5749
423	4	0.5611	19.4949
424	4	0.57354	19.3506
425	4	0.56622	19.2186
426	4	0.45724	20.863
427	4	0.4922	19.9648
428	4	0.54551	19.2223
429	4	0.56055	19.1523
430	4	0.51479	19.3782
431	4	0.56948	18.544
432	4	0.58878	18.831
433	4	0.62357	18.1609
434	4	0.56762	31.7191
435	4	0.56767	31.9104
436	4	0.56371	31.0697
437	4	0.56103	30.4543
438	4	0.55454	29.7074
439	4	0.55466	29.631
440	4	0.55059	29.4282
441	4	0.54472	28.3239
442	4	0.54456	28.392
443	4	0.54042	27.6816
444	4	0.53525	27.5255
445	4	0.53558	26.5653
446	4	0.54349	25.2727
447	4	0.58021	24.6511
448	4	0.6384	23.308
449	4	0.65996	23.168
450	4	0.66526	23.0096
451	4	0.6759	23.2642
452	4	0.68734	23.5641
453	4	0.6922	23.5146
454	4	0.69464	23.3272
455	4	0.69337	23.1222
456	4	0.56493	32.0047
457	4	0.56242	31.3002
458	4	0.5571	31.0069
459	4	0.55368	29.9176
460	4	0.55237	29.6
461	4	0.54868	29.0201
462	4	0.54552	28.2623
463	4	0.54126	28.2868
464	4	0.53682	27.2969
465	4	0.53303	27.1038
466	4	0.53334	26.0447
467	4	0.53926	25.5861
468	4	0.5757	24.5677
469	4	0.63469	23.4456
470	4	0.65439	22.8473
471	4	0.66255	22.8899
472	4	0.6677	23.5162
473	4	0.67965	23.2153
474	4	0.68503	23.7525
475	4	0.68386	23.6472
476	4	0.5578	30.7779
477	4	0.55669	29.9236
478	4	0.55165	29.1446
479	4	0.54747	28.662
480	4	0.54341	28.5737
481	4	0.54082	27.9896
482	4	0.53514	27.0778
483	4	0.53437	27.0823
484	4	0.53373	25.9483
485	4	0.53124	25.3543
486	4	0.53584	25.3196
487	4	0.5672	23.7628
488	4	0.63032	22.7267
489	4	0.65067	22.5887
490	4	0.65797	22.6258
491	4	0.66586	23.1478
492	4	0.6736	22.865
493	4	0.67556	22.9391
494	4	0.67865	23.1572
495	4	0.55361	29.5996
496	4	0.54927	28.6704
497	4	0.54649	28.3414
498	4	0.54069	28.0825
499	4	0.5362	27.1749
500	4	0.5327	26.3728
501	4	0.53303	26.1335
502	4	0.52894	25.3148
503	4	0.52554	25.2531
504	4	0.52861	24.5295
505	4	0.56429	23.6599
506	4	0.62347	22.8578
507	4	0.64508	22.3853
508	4	0.65268	22.6714
509	4	0.65692	22.3749
510	4	0.66512	22.48
511	4	0.6698	22.6814
512	4	0.54694	28.2591
513	4	0.53819	27.6371
514	4	0.53555	26.8711
515	4	0.53289	26.2628
516	4	0.5311	26.0579
517	4	0.52471	25.5759
518	4	0.52486	24.7441
519	4	0.51787	24.5432
520	4	0.52397	24.1871
521	4	0.55606	23.2044
522	4	0.61785	22.2398
523	4	0.64101	22.2752
524	4	0.64184	21.9673
525	4	0.64985	21.8378
526	4	0.66028	21.9683
527	4	0.65997	22.0909
528	4	0.5346	27.1697
529	4	0.53393	26.2966
530	4	0.53142	25.2687
531	4	0.52584	25.3478
532	4	0.52403	25.0797
533	4	0.51857	24.6463
534	4	0.51668	24.1942
535	4	0.51742	23.4963
536	4	0.5508	22.6971
537	4	0.60734	21.5642
538	4	0.63182	21.5819
539	4	0.6373	21.6519
540	4	0.63854	21.9328
541	4	0.64801	22.1673
542	4	0.52996	25.5289
543	4	0.5271	25.1753
544	4	0.52375	25.0705
545	4	0.51702	24.1122
546	4	0.50854	24.3817
547	4	0.50476	23.4579
548	4	0.51108	23.3388
549	4	0.54228	22.0125
550	4	0.60454	21.4204
551	4	0.62656	21.4358
552	4	0.62744	21.3539
553	4	0.63011	21.3114
554	4	0.63714	21.6473
555	4	0.52296	24.6607
556	4	0.51585	24.8264
557	4	0.5123	24.2176
558	4	0.50272	23.7131
559	4	0.49617	23.5094
560	4	0.50114	22.9474
561	4	0.53719	22.1135
562	4	0.59326	21.1889
563	4	0.61442	21.3502
564	4	0.61658	21.3761
565	4	0.61947	21.392
566	4	0.51187	24.0771
567	4	0.50304	24.0823
568	4	0.49592	23.4219
569	4	0.49095	23.2739
570	4	0.49012	22.4718
571	4	0.52657	22.2082
572	4	0.58657	21.1801
573	4	0.6076	20.7342
574	4	0.60232	21.2735
575	4	0.59778	21.2025
576	4	0.49746	23.6179
577	4	0.48805	23.4602
578	4	0.47975	22.5253
579	4	0.48139	22.194
580	4	0.51131	21.523
581	4	0.57358	20.9862
582	4	0.59462	20.8272
583	4	0.58217	20.8778
584	4	0.47888	22.503
585	4	0.46783	22.4686
586	4	0.46425	21.9907
587	4	0.50477	21.1951
588	4	0.55825	20.8493
589	4	0.57117	20.4532
590	4	0.56782	20.6775
591	4	0.45993	22.0743
592	4	0.4588	21.938
593	4	0.48867	21.1937
594	4	0.54018	20.4917
595	4	0.5584	20.3495
596	4	0.446	21.2152
597	4	0.4731	20.6521
598	4	0.53214	20.3639
599	4	0.55569	20.1275
600	4	0.50032	20.474
601	4	0.5615	19.6222
602	4	0.59444	19.6038
603	4	0.56189	31.82
604	4	0.55687	30.747
605	4	0.55461	30.0111
606	4	0.55013	29.8256
607	4	0.54942	29.3523
608	4	0.54239	28.7753
609	4	0.53927	28.2972
610	4	0.53482	27.5092
611	4	0.53072	28.0948
612	4	0.52819	26.8926
613	4	0.53061	26.0825
614	4	0.53548	25.2509
615	4	0.57253	24.0902
616	4	0.62834	23.3735
617	4	0.65348	23.138
618	4	0.65721	23.1029
619	4	0.66329	23.1483
620	4	0.67263	23.2905
621	4	0.67856	23.4552
622	4	0.67777	23.3846
623	4	0.55445	30.0705
624	4	0.55061	29.6596
625	4	0.54895	29.6315
626	4	0.54308	28.7974
627	4	0.54174	27.9592
628	4	0.53033	28.1741
629	4	0.52933	27.2557
630	4	0.52676	26.7356
631	4	0.52768	25.8733
632	4	0.52616	24.8845
633	4	0.52863	24.6824
634	4	0.56682	23.5456
635	4	0.62415	22.9151
636	4	0.64779	22.7152
637	4	0.65197	22.7096
638	4	0.65721	22.6669
639	4	0.66571	22.7839
640	4	0.66751	22.8737
641	4	0.54701	29.001
642	4	0.54286	28.9425
643	4	0.54041	27.739
644	4	0.53747	27.7946
645	4	0.5308	27.3727
646	4	0.52683	26.2525
647	4	0.5255	25.7479
648	4	0.52374	25.3975
649	4	0.52302	24.2573
650	4	0.52499	24.4217
651	4	0.55904	23.4979
652	4	0.62033	22.0466
653	4	0.64079	22.4103
654	4	0.64346	22.3723
655	4	0.64928	22.2312
656	4	0.66053	22.3574
657	4	0.66172	22.653
658	4	0.54044	28.2903
659	4	0.53189	27.502
660	4	0.53195	26.9751
661	4	0.53014	26.7586
662	4	0.52575	26.0259
663	4	0.51849	25.2934
664	4	0.51955	25.1137
665	4	0.51794	24.2893
666	4	0.51601	23.5173
667	4	0.55413	22.6939
668	4	0.61235	22.2593
669	4	0.63485	21.8787
670	4	0.63572	21.9911
671	4	0.64199	22.1444
672	4	0.65036	22.4576
673	4	0.53211	27.21
674	4	0.53109	26.361
675	4	0.52396	25.5888
676	4	0.51884	25.1035
677	4	0.51941	24.7584
678	4	0.51457	24.6261
679	4	0.50838	23.8804
680	4	0.51258	23.3215
681	4	0.54475	22.4238
682	4	0.6047	21.6168
683	4	0.62412	22.0718
684	4	0.62782	21.6436
685	4	0.63103	21.4483
686	4	0.63751	21.9543
687	4	0.52696	25.8604
688	4	0.52064	25.0314
689	4	0.51454	24.9625
690	4	0.51154	23.9472
691	4	0.50461	23.8468
692	4	0.50185	23.1076
693	4	0.50094	22.7657
694	4	0.53787	22.064
695	4	0.59949	21.5968
696	4	0.61544	21.1701
697	4	0.61656	21.3497
698	4	0.61754	21.4929
699	4	0.51475	24.4881
700	4	0.50796	24.3671
701	4	0.50319	24.0308
702	4	0.49653	23.495
703	4	0.49106	22.8531
704	4	0.49298	22.3029
705	4	0.52812	21.8643
706	4	0.58507	21.2951
707	4	0.60819	21.023
708	4	0.60229	21.3691
709	4	0.59899	21.109
710	4	0.50442	24.3215
711	4	0.49689	23.601
712	4	0.48911	23.3227
713	4	0.48458	22.5541
714	4	0.4788	22.5491
715	4	0.51579	21.7485
716	4	0.57367	21.0434
717	4	0.594	21.0914
718	4	0.58277	20.839
719	4	0.49002	23.1391
720	4	0.48224	22.8308
721	4	0.47089	22.5822
722	4	0.4708	22.1475
723	4	0.49814	21.4592
724	4	0.55992	20.792
725	4	0.57347	20.9159
726	4	0.56744	20.7658
727	4	0.47063	22.5355
728	4	0.46218	22.3311
729	4	0.45681	21.6891
730	4	0.48467	21.2517
731	4	0.53864	20.4724
732	4	0.55719	20.7668
733	4	0.45275	21.866
734	4	0.44103	21.669
735	4	0.46301	20.7452
736	4	0.52758	20.5637
737	4	0.54863	20.7245
738	4	0.4234	21.3592
739	4	0.45417	20.6825
740	4	0.51849	20.4665
741	4	0.48652	20.268
742	4	0.52665	19.9079
743	4	0.55421	30.0261
744	4	0.54812	29.7712
745	4	0.5405	28.226
746	4	0.53784	28.3504
747	4	0.53373	28.1522
748	4	0.53347	27.3065
749	4	0.52904	26.9182
750	4	0.5239	25.9009
751	4	0.52379	24.5945
752	4	0.52148	24.7765
753	4	0.52406	24.3188
754	4	0.55994	23.2152
755	4	0.61802	22.5694
756	4	0.64131	22.2947
757	4	0.64491	22.1236
758	4	0.6482	22.8935
759	4	0.65664	22.5189
760	4	0.6639	22.9495
761	4	0.5444	29.1955
762	4	0.53844	27.9
763	4	0.53414	27.8551
764	4	0.5293	26.5641
765	4	0.52923	26.4823
766	4	0.52208	25.9594
767	4	0.52321	25.4586
768	4	0.51884	24.7811
769	4	0.51887	24.6196
770	4	0.51875	24.1157
771	4	0.55044	22.4158
772	4	0.61403	22.042
773	4	0.63248	21.8928
774	4	0.63566	21.9177
775	4	0.63973	22.3419
776	4	0.64973	22.2467
777	4	0.53463	27.2539
778	4	0.52885	26.8511
779	4	0.52588	26.2508
780	4	0.5232	26.2103
781	4	0.52087	25.6484
782	4	0.51711	24.9201
783	4	0.51469	24.4007
784	4	0.50919	23.5433
785	4	0.50937	23.4342
786	4	0.54465	22.5315
787	4	0.60546	21.8258
788	4	0.62752	21.6938
789	4	0.6265	21.3843
790	4	0.63096	21.9269
791	4	0.63876	21.5735
792	4	0.52747	26.0307
793	4	0.52857	25.7668
794	4	0.52121	24.876
795	4	0.51367	25.0223
796	4	0.50877	23.8715
797	4	0.50836	23.6629
798	4	0.50386	22.9806
799	4	0.50172	22.8553
800	4	0.53722	22.4043
801	4	0.59603	21.4719
802	4	0.61786	21.4169
803	4	0.61609	21.088
804	4	0.61753	21.7184
805	4	0.52139	25.0623
806	4	0.51685	24.3961
807	4	0.51004	24.1049
808	4	0.502	23.6152
809	4	0.49972	23.0861
810	4	0.49467	22.5983
811	4	0.49217	22.106
812	4	0.52683	21.5994
813	4	0.5833	21.3399
814	4	0.60683	21.1519
815	4	0.60543	20.9013
816	4	0.59936	21.3035
817	4	0.50798	24.5599
818	4	0.50437	24.3057
819	4	0.49812	23.2055
820	4	0.4917	22.9286
821	4	0.48582	22.7809
822	4	0.48033	22.3886
823	4	0.51236	21.604
824	4	0.57433	21.0197
825	4	0.59536	20.9847
826	4	0.58347	20.6466
827	4	0.49705	23.6282
828	4	0.48925	22.9914
829	4	0.48337	22.6163
830	4	0.47491	22.431
831	4	0.46649	22.1039
832	4	0.50412	21.1849
833	4	0.56065	20.654
834	4	0.57242	20.6269
835	4	0.56659	20.9427
836	4	0.48179	22.7421
837	4	0.47467	22.263
838	4	0.46235	22.0776
839	4	0.45733	21.5968
840	4	0.48696	21.2957
841	4	0.53981	20.7704
842	4	0.55779	20.4851
843	4	0.4638	21.6678
844	4	0.45005	21.6154
845	4	0.44206	21.1675
846	4	0.46435	20.4774
847	4	0.52496	20.2866
848	4	0.54757	20.3854
849	4	0.43507	20.7758
850	4	0.4155	21.4457
851	4	0.44722	20.536
852	4	0.51658	20.4007
853	4	0.40502	21.0141
854	4	0.43617	20.5197
855	4	0.48162	20.1509
856	4	0.4453	20.0377
857	4	0.53944	28.2917
858	4	0.53609	27.4882
859	4	0.53053	27.0552
860	4	0.52546	26.1507
861	4	0.52249	25.9313
862	4	0.51909	25.1831
863	4	0.51872	24.4641
864	4	0.51517	23.7914
865	4	0.50996	23.8495
866	4	0.5116	23.8286
867	4	0.54527	22.4051
868	4	0.60273	22.2308
869	4	0.6265	21.5218
870	4	0.62678	21.7868
871	4	0.63136	21.6926
872	4	0.63401	21.7773
873	4	0.5321	26.5238
874	4	0.52721	26.2769
875	4	0.5212	25.5862
876	4	0.51932	25.2284
877	4	0.51786	24.6824
878	4	0.51338	23.5828
879	4	0.50863	23.2706
880	4	0.50317	23.5134
881	4	0.5027	22.5761
882	4	0.53923	21.597
883	4	0.59686	21.1364
884	4	0.61708	21.2442
885	4	0.61854	21.2534
886	4	0.61755	21.5203
887	4	0.52163	25.6226
888	4	0.51932	24.964
889	4	0.51429	24.3
890	4	0.50921	23.8724
891	4	0.50602	22.8987
892	4	0.50339	22.7035
893	4	0.49545	22.8738
894	4	0.4945	22.6176
895	4	0.52653	21.7016
896	4	0.58378	21.3672
897	4	0.60678	20.8816
898	4	0.60377	21.0175
899	4	0.59845	21.0124
900	4	0.51291	24.3751
901	4	0.51075	24.2991
902	4	0.50261	23.645
903	4	0.49891	23.1564
904	4	0.49356	22.7277
905	4	0.48607	22.1394
906	4	0.48001	22.2927
907	4	0.51492	21.4399
908	4	0.57396	20.4081
909	4	0.58937	20.6638
910	4	0.58547	20.5552
911	4	0.50155	23.7408
912	4	0.49707	22.8882
913	4	0.49291	22.9838
914	4	0.48305	22.4229
915	4	0.47344	22.0386
916	4	0.46814	21.9522
917	4	0.50426	20.9862
918	4	0.56126	20.8708
919	4	0.57182	20.7417
920	4	0.56741	20.5023
921	4	0.49076	22.1348
922	4	0.48181	22.0147
923	4	0.47224	21.9108
924	4	0.46321	22.0618
925	4	0.45664	21.2609
926	4	0.48536	20.7146
927	4	0.54057	20.3164
928	4	0.55477	19.8869
929	4	0.47387	21.6333
930	4	0.46284	21.1898
931	4	0.45417	21.3567
932	4	0.44068	21.0254
933	4	0.46428	20.0928
934	4	0.52234	20.3196
935	4	0.54795	20.3957
936	4	0.45028	21.2797
937	4	0.43617	20.8508
938	4	0.4165	20.5364
939	4	0.44522	20.4185
940	4	0.5109	20.0642
941	4	0.40775	20.7893
942	4	0.3957	20.4106
943	4	0.43593	20.0752
944	4	0.47704	20.0586
945	4	0.38497	20.5583
946	4	0.39487	19.9765
947	4	0.35463	19.236
948	4	0.52675	26.234
949	4	0.52156	25.6324
950	4	0.51578	25.2947
951	4	0.51135	24.2342
952	4	0.50992	23.435
953	4	0.50808	23.1646
954	4	0.49884	23.3638
955	4	0.49641	22.2277
956	4	0.49371	21.9239
957	4	0.52914	21.8114
958	4	0.5851	20.8347
959	4	0.60273	21.0828
960	4	0.60298	20.9519
961	4	0.59905	21.2898
962	4	0.51822	25.664
963	4	0.51116	24.7656
964	4	0.50934	23.7518
965	4	0.50568	23.2081
966	4	0.50109	23.0531
967	4	0.49144	22.5757
968	4	0.48463	22.5989
969	4	0.4796	22.2838
970	4	0.51517	21.4188
971	4	0.57376	20.8395
972	4	0.59105	20.6589
973	4	0.58428	20.3738
974	4	0.50628	24.1177
975	4	0.50178	23.3368
976	4	0.49923	22.4013
977	4	0.4932	22.1681
978	4	0.47953	22.1549
979	4	0.47299	21.9101
980	4	0.46876	21.6003
981	4	0.50053	20.9479
982	4	0.55922	20.6629
983	4	0.57136	20.2894
984	4	0.56998	20.6688
985	4	0.49691	23.1704
986	4	0.49279	22.0215
987	4	0.48126	22.029
988	4	0.47352	21.5734
989	4	0.46449	21.1677
990	4	0.45557	21.3579
991	4	0.48473	20.776
992	4	0.53791	20.0594
993	4	0.55765	20.3318
994	4	0.48282	22.033
995	4	0.47415	21.3428
996	4	0.46395	21.1431
997	4	0.45122	21.218
998	4	0.44029	20.6543
999	4	0.46336	20.0549
1000	4	0.52274	20.1837
1001	4	0.54685	19.734
1002	4	0.46307	20.9034
1003	4	0.45199	21.0164
1004	4	0.43144	20.7669
1005	4	0.41614	20.3656
1006	4	0.44523	19.8078
1007	4	0.51261	19.194
1008	4	0.43518	21.0672
1009	4	0.40819	20.615
1010	4	0.39446	20.9419
1011	4	0.43078	20.1154
1012	4	0.4724	19.6896
1013	4	0.38582	20.3775
1014	4	0.3803	20.4088
1015	4	0.38796	19.588
1016	4	0.33904	19.7312
1017	4	0.29169	18.5487
1018	4	0.5102	24.5888
1019	4	0.50958	23.816
1020	4	0.50685	22.8257
1021	4	0.49947	22.5995
1022	4	0.49425	22.1576
1023	4	0.48288	22.0483
1024	4	0.47381	21.6864
1025	4	0.46676	21.4927
1026	4	0.50149	21.2084
1027	4	0.55899	20.3417
1028	4	0.57202	20.5338
1029	4	0.56934	20.5231
1030	4	0.50104	23.3736
1031	4	0.49942	22.3489
1032	4	0.48939	22.2852
1033	4	0.48464	21.7752
1034	4	0.47254	21.9649
1035	4	0.46305	21.3293
1036	4	0.45569	20.9893
1037	4	0.48497	20.6791
1038	4	0.53898	20.1841
1039	4	0.55815	20.1024
1040	4	0.4895	22.0091
1041	4	0.48886	21.1856
1042	4	0.4756	21.5308
1043	4	0.46074	20.9708
1044	4	0.45394	21.0888
1045	4	0.43805	20.5191
1046	4	0.46274	19.9626
1047	4	0.52756	19.6508
1048	4	0.54841	19.366
1049	4	0.47469	21.1281
1050	4	0.46429	20.6512
1051	4	0.4491	20.9942
1052	4	0.43385	20.8072
1053	4	0.4155	20.4799
1054	4	0.44107	19.975
1055	4	0.51142	19.6617
1056	4	0.44786	21.1001
1057	4	0.42968	20.5838
1058	4	0.4085	20.7605
1059	4	0.39286	20.3525
1060	4	0.42894	19.8376
1061	4	0.47236	19.3179
1062	4	0.4052	20.7639
1063	4	0.38598	20.4058
1064	4	0.37679	20.1137
1065	4	0.38502	19.4148
1066	4	0.37058	20.4917
1067	4	0.33065	19.346
1068	4	0.28026	18.2842
1069	4	0.22361	17.6774
1070	4	0.49914	22.4757
1071	4	0.49142	21.5307
1072	4	0.48387	21.0649
1073	4	0.47537	21.4655
1074	4	0.46551	21.2647
1075	4	0.45421	20.8851
1076	4	0.44054	20.7031
1077	4	0.4664	20.4868
1078	4	0.52153	19.7274
1079	4	0.54268	19.4877
1080	4	0.48494	21.4846
1081	4	0.47367	21.047
1082	4	0.46394	21
1083	4	0.44769	20.7494
1084	4	0.43236	20.7771
1085	4	0.41153	20.3737
1086	4	0.44388	20.0763
1087	4	0.5084	19.5943
1088	4	0.46202	21.153
1089	4	0.44888	21.0284
1090	4	0.4326	20.6085
1091	4	0.40774	20.3891
1092	4	0.39401	19.7793
1093	4	0.43078	19.5176
1094	4	0.47278	19.4097
1095	4	0.43401	20.5898
1096	4	0.40558	20.2565
1097	4	0.38387	20.2391
1098	4	0.37642	20.1926
1099	4	0.38479	18.6941
1100	4	0.38382	20.2239
1101	4	0.37068	20.0789
1102	4	0.3276	19.309
1103	4	0.2813	18.5171
1104	4	0.32117	19.1517
1105	4	0.21563	17.71
1106	4	0.15194	16.191
1107	4	0.47479	20.8651
1108	4	0.46253	20.4272
1109	4	0.45032	20.5167
1110	4	0.42963	20.2769
1111	4	0.41053	20.0879
1112	4	0.39223	20.1578
1113	4	0.42481	19.6202
1114	4	0.47149	19.3594
1115	4	0.45065	20.5963
1116	4	0.43139	20.0956
1117	4	0.40455	19.8978
1118	4	0.38227	20.4032
1119	4	0.37318	20.1968
1120	4	0.38259	19.2196
1121	4	0.40388	20.3091
1122	4	0.38312	19.9087
1123	4	0.36803	19.8325
1124	4	0.3256	19.2916
1125	4	0.28199	18.398
1126	4	0.36661	20.0357
1127	4	0.3178	19.5545
1128	4	0.21288	18.0828
1129	4	0.20341	17.2838
1130	4	0.14089	15.322
1131	4	0.43095	20.114
1132	4	0.40661	20.2066
1133	4	0.38378	20.2136
1134	4	0.36615	19.4441
1135	4	0.32488	19.068
1136	4	0.2804	18.4321
1137	4	0.38214	19.9765
1138	4	0.36536	19.9533
1139	4	0.31854	19.2186
1140	4	0.21253	17.8028
1141	4	0.31856	18.9913
1142	4	0.204	17.5277
1143	4	0.13705	16.1926
1144	4	0.12791	15.5623
1145	4	0.36486	19.7963
1146	4	0.31368	18.9482
1147	4	0.19957	17.0754
1148	4	0.13717	15.9577
1149	4	0.20114	17.3408
1150	4	0.12801	15.2915
1151	4	0.11692	15.9784
1152	4	0.12704	15.3996
1153	4	0.11808	15.2684
1154	5	0.57682	25.3408
1155	5	0.57179	25.6799
1156	5	0.5716	26.0141
1157	5	0.56582	25.8869
1158	5	0.5635	25.2544
1159	5	0.56149	25.0386
1160	5	0.55609	25.0111
1161	5	0.55381	24.668
1162	5	0.54915	24.4718
1163	5	0.54727	24.2395
1164	5	0.54126	24.3795
1165	5	0.54461	24.1976
1166	5	0.53632	24.2854
1167	5	0.54191	23.851
1168	5	0.58422	23.2059
1169	5	0.64036	23.2333
1170	5	0.66466	23.2576
1171	5	0.66719	23.2265
1172	5	0.67811	23.1941
1173	5	0.68965	23.6768
1174	5	0.6955	23.587
1175	5	0.69611	23.1755
1176	5	0.69791	23.4875
1177	5	0.56838	26.5235
1178	5	0.56879	26.4271
1179	5	0.56445	26.3468
1180	5	0.56141	26.1925
1181	5	0.55717	25.6723
1182	5	0.55298	25.2656
1183	5	0.54866	25.2193
1184	5	0.54993	24.9608
1185	5	0.54307	25.1858
1186	5	0.53846	25.0255
1187	5	0.53876	24.6784
1188	5	0.53356	24.6618
1189	5	0.5411	23.9553
1190	5	0.5809	24.2348
1191	5	0.63515	24.0229
1192	5	0.6589	24.0586
1193	5	0.66553	24.1215
1194	5	0.6755	24.0664
1195	5	0.68641	24.0403
1196	5	0.69151	24.2814
1197	5	0.69422	24.3037
1198	5	0.69669	24.3608
1199	5	0.56375	26.0325
1200	5	0.56071	26.0941
1201	5	0.55693	26.1851
1202	5	0.55487	25.55
1203	5	0.54979	25.1906
1204	5	0.54699	25.2711
1205	5	0.5454	25.0084
1206	5	0.54129	25.0759
1207	5	0.53292	24.8596
1208	5	0.53134	24.7977
1209	5	0.53135	24.3577
1210	5	0.53812	23.9184
1211	5	0.57586	23.7877
1212	5	0.63302	24.0706
1213	5	0.6569	24.1692
1214	5	0.66138	24.2169
1215	5	0.66906	23.9791
1216	5	0.68228	24.4202
1217	5	0.68577	24.003
1218	5	0.68119	24.2313
1219	5	0.55874	25.8556
1220	5	0.55247	26.2115
1221	5	0.55082	25.5456
1222	5	0.54685	25.0658
1223	5	0.54301	25.3648
1224	5	0.54022	25.0694
1225	5	0.53533	24.8029
1226	5	0.53226	24.4822
1227	5	0.52846	24.4586
1228	5	0.52903	24.1231
1229	5	0.53293	23.9652
1230	5	0.57186	23.7583
1231	5	0.62973	23.2854
1232	5	0.65107	24.457
1233	5	0.65962	24.0932
1234	5	0.66544	23.7649
1235	5	0.67397	24.2913
1236	5	0.68111	23.9297
1237	5	0.67586	23.9759
1238	5	0.54873	25.7032
1239	5	0.54999	25.1904
1240	5	0.54194	25.4959
1241	5	0.53957	24.9261
1242	5	0.53223	24.6602
1243	5	0.53211	24.4608
1244	5	0.53384	24.1759
1245	5	0.52773	24.2261
1246	5	0.52383	23.4279
1247	5	0.52974	23.0878
1248	5	0.56966	23.2502
1249	5	0.62717	23.3758
1250	5	0.64809	23.3748
1251	5	0.64968	23.4057
1252	5	0.65798	23.6157
1253	5	0.66782	23.8286
1254	5	0.67285	23.9957
1255	5	0.54253	24.9093
1256	5	0.53867	24.4491
1257	5	0.53676	24.9181
1258	5	0.53689	23.894
1259	5	0.53078	24.3231
1260	5	0.52491	23.9401
1261	5	0.5219	24.1019
1262	5	0.51788	23.8966
1263	5	0.52142	23.4974
1264	5	0.56075	23.1566
1265	5	0.61895	22.9527
1266	5	0.63973	23.1742
1267	5	0.64239	23.5883
1268	5	0.64934	23.6114
1269	5	0.6588	23.3982
1270	5	0.66375	23.6009
1271	5	0.53613	24.9378
1272	5	0.53431	24.0647
1273	5	0.53302	23.8713
1274	5	0.52385	23.7062
1275	5	0.5257	23.7074
1276	5	0.51629	23.361
1277	5	0.51156	23.5887
1278	5	0.51412	22.9234
1279	5	0.5551	22.5376
1280	5	0.61393	23.0282
1281	5	0.63569	23.1548
1282	5	0.63853	23.2707
1283	5	0.64318	23.4717
1284	5	0.64909	23.2471
1285	5	0.52876	23.8326
1286	5	0.52541	23.9998
1287	5	0.52216	23.8903
1288	5	0.51615	23.1422
1289	5	0.51067	23.3923
1290	5	0.50438	23.1994
1291	5	0.5073	23.3122
1292	5	0.54329	22.7283
1293	5	0.60349	22.7506
1294	5	0.62568	23.0023
1295	5	0.62305	22.9772
1296	5	0.63167	23.3285
1297	5	0.63563	23.5011
1298	5	0.52061	23.24
1299	5	0.51648	23.4153
1300	5	0.50735	23.7294
1301	5	0.50173	23.3625
1302	5	0.49735	23.0129
1303	5	0.49763	23.0846
1304	5	0.5409	22.5334
1305	5	0.59742	22.4793
1306	5	0.61231	22.8324
1307	5	0.61609	22.7218
1308	5	0.61724	23.2682
1309	5	0.51257	23.3888
1310	5	0.50423	22.7852
1311	5	0.4969	23.3157
1312	5	0.48861	23.1391
1313	5	0.48892	23.1168
1314	5	0.52532	22.765
1315	5	0.5866	22.8356
1316	5	0.60299	22.8161
1317	5	0.6048	22.8466
1318	5	0.59777	22.8416
1319	5	0.49479	23.0065
1320	5	0.48882	23.3625
1321	5	0.47764	23.288
1322	5	0.47993	22.8985
1323	5	0.51378	22.4298
1324	5	0.57636	22.9564
1325	5	0.59151	22.7018
1326	5	0.58361	22.8214
1327	5	0.47611	22.699
1328	5	0.46892	23.0669
1329	5	0.46376	23.0016
1330	5	0.50153	22.9355
1331	5	0.56233	22.755
1332	5	0.57132	22.4452
1333	5	0.56735	23.0846
1334	5	0.45349	22.7784
1335	5	0.45237	22.6537
1336	5	0.48741	22.5526
1337	5	0.54199	22.5754
1338	5	0.55679	22.5033
1339	5	0.44332	22.4775
1340	5	0.4738	22.6702
1341	5	0.52998	22.6619
1342	5	0.55392	22.7549
1343	5	0.50028	22.7807
1344	5	0.5618	22.3454
1345	5	0.59957	22.5825
1346	5	0.56819	26.9372
1347	5	0.56364	27.4091
1348	5	0.56084	26.7982
1349	5	0.55821	26.669
1350	5	0.55799	26.2915
1351	5	0.55032	25.9101
1352	5	0.5489	25.8081
1353	5	0.54386	26.2019
1354	5	0.53749	25.8145
1355	5	0.53622	25.5142
1356	5	0.53129	25.5027
1357	5	0.53027	25.133
1358	5	0.54142	24.4553
1359	5	0.57724	24.5456
1360	5	0.63255	24.5548
1361	5	0.65533	25.2902
1362	5	0.66181	24.8473
1363	5	0.67081	25.0415
1364	5	0.67896	24.9599
1365	5	0.68368	25.0743
1366	5	0.68695	25.0593
1367	5	0.56115	27.1671
1368	5	0.55986	26.6027
1369	5	0.55449	26.6084
1370	5	0.54982	26.2214
1371	5	0.54776	26.026
1372	5	0.54292	25.733
1373	5	0.54147	25.9527
1374	5	0.53946	25.7089
1375	5	0.53158	25.7955
1376	5	0.53237	24.8683
1377	5	0.52867	25.0206
1378	5	0.53496	24.208
1379	5	0.57422	24.4646
1380	5	0.63002	24.7152
1381	5	0.6512	24.6744
1382	5	0.65821	25.0559
1383	5	0.66358	24.9164
1384	5	0.67409	24.785
1385	5	0.67859	25.0979
1386	5	0.67943	25.2941
1387	5	0.55442	26.6936
1388	5	0.5523	26.37
1389	5	0.54943	26.0063
1390	5	0.54179	26.1614
1391	5	0.53786	25.786
1392	5	0.53735	25.7404
1393	5	0.53071	25.2841
1394	5	0.52909	25.3456
1395	5	0.52731	24.986
1396	5	0.52451	24.9247
1397	5	0.52877	24.424
1398	5	0.56682	24.4323
1399	5	0.62589	24.5425
1400	5	0.64909	24.6505
1401	5	0.65123	24.7505
1402	5	0.65866	24.4566
1403	5	0.66704	24.5962
1404	5	0.67219	24.7665
1405	5	0.54528	26.1203
1406	5	0.54469	25.8704
1407	5	0.53957	25.7718
1408	5	0.5338	25.8068
1409	5	0.53004	25.4035
1410	5	0.5295	24.9396
1411	5	0.52728	24.977
1412	5	0.5216	24.5397
1413	5	0.51771	24.2195
1414	5	0.52342	23.9236
1415	5	0.56568	23.9814
1416	5	0.61894	24.3681
1417	5	0.64182	24.0714
1418	5	0.64661	24.4861
1419	5	0.64953	24.7239
1420	5	0.65728	24.6269
1421	5	0.66348	24.4073
1422	5	0.53913	25.8289
1423	5	0.53388	25.593
1424	5	0.53005	25.1316
1425	5	0.5303	25.1157
1426	5	0.52465	24.4176
1427	5	0.52008	24.5662
1428	5	0.51553	24.6113
1429	5	0.51565	23.9541
1430	5	0.51554	23.877
1431	5	0.55625	23.502
1432	5	0.60961	24.1807
1433	5	0.63749	24.1956
1434	5	0.6324	23.8994
1435	5	0.64117	24.4611
1436	5	0.64969	24.2293
1437	5	0.52782	24.7334
1438	5	0.52732	25.0715
1439	5	0.52619	24.6378
1440	5	0.52212	24.2944
1441	5	0.51546	23.9322
1442	5	0.51371	24.0892
1443	5	0.50667	23.7484
1444	5	0.51027	23.6328
1445	5	0.54773	23.4529
1446	5	0.60365	23.9406
1447	5	0.62617	24.3408
1448	5	0.62771	24.4783
1449	5	0.63038	23.9444
1450	5	0.6364	24.0696
1451	5	0.52537	24.6166
1452	5	0.52267	24.4176
1453	5	0.51699	24.2021
1454	5	0.51207	23.8246
1455	5	0.50544	23.8827
1456	5	0.5026	23.8359
1457	5	0.50119	23.8002
1458	5	0.54151	23.5495
1459	5	0.59826	23.8692
1460	5	0.6183	23.9812
1461	5	0.61769	23.8774
1462	5	0.62256	24.1253
1463	5	0.51653	24.0478
1464	5	0.50973	24.0945
1465	5	0.5025	24.1094
1466	5	0.4984	23.772
1467	5	0.48866	23.6975
1468	5	0.49221	23.6017
1469	5	0.52864	23.3385
1470	5	0.58619	23.837
1471	5	0.60541	23.9782
1472	5	0.60322	23.7865
1473	5	0.60164	23.7425
1474	5	0.50395	23.7933
1475	5	0.49812	23.7581
1476	5	0.48928	23.6307
1477	5	0.48349	24.255
1478	5	0.47992	23.1213
1479	5	0.51507	23.7097
1480	5	0.57707	23.4218
1481	5	0.59217	23.6272
1482	5	0.58475	24.3281
1483	5	0.48675	23.5986
1484	5	0.48008	23.9062
1485	5	0.46975	23.4516
1486	5	0.4674	23.635
1487	5	0.5054	23.4158
1488	5	0.56184	23.6211
1489	5	0.57165	23.865
1490	5	0.56727	23.9636
1491	5	0.46912	23.8373
1492	5	0.45806	24.1054
1493	5	0.45471	23.1431
1494	5	0.48903	23.6969
1495	5	0.53778	23.6595
1496	5	0.56098	23.8316
1497	5	0.44527	23.4429
1498	5	0.44039	23.5214
1499	5	0.46507	23.549
1500	5	0.52577	23.4139
1501	5	0.54621	23.9195
1502	5	0.42391	23.6718
1503	5	0.45627	23.548
1504	5	0.52253	23.4286
1505	5	0.49262	23.6253
1506	5	0.52989	23.1006
1507	5	0.55833	27.1495
1508	5	0.55766	26.8433
1509	5	0.551	26.6208
1510	5	0.54814	26.5648
1511	5	0.5414	25.9649
1512	5	0.53939	26.2308
1513	5	0.53727	25.5901
1514	5	0.53221	25.5744
1515	5	0.52672	25.5946
1516	5	0.52596	25.1178
1517	5	0.52853	24.4936
1518	5	0.53048	24.4177
1519	5	0.56981	24.5668
1520	5	0.62581	24.4795
1521	5	0.64691	24.9234
1522	5	0.64997	24.9955
1523	5	0.65914	24.776
1524	5	0.66665	25.2463
1525	5	0.67166	25.1848
1526	5	0.54999	26.6649
1527	5	0.54805	26.0953
1528	5	0.54209	26.1093
1529	5	0.54075	25.818
1530	5	0.53645	26.0045
1531	5	0.53537	25.4903
1532	5	0.52807	25.2551
1533	5	0.52729	24.8946
1534	5	0.52513	24.7564
1535	5	0.52312	24.5827
1536	5	0.52621	24.2754
1537	5	0.56219	24.0785
1538	5	0.62021	24.1182
1539	5	0.64245	24.5123
1540	5	0.64553	24.9907
1541	5	0.6476	24.8505
1542	5	0.65883	24.6169
1543	5	0.66284	24.992
1544	5	0.54297	26.2252
1545	5	0.54023	25.3339
1546	5	0.53603	25.5413
1547	5	0.53207	25.5972
1548	5	0.52659	25.2348
1549	5	0.52396	24.7204
1550	5	0.52222	24.9516
1551	5	0.51972	24.7756
1552	5	0.51576	23.7106
1553	5	0.51677	23.7019
1554	5	0.55406	24
1555	5	0.61191	24.4427
1556	5	0.63416	24.3491
1557	5	0.63612	24.4213
1558	5	0.64355	24.6422
1559	5	0.64906	24.3053
1560	5	0.5352	25.9068
1561	5	0.53114	25.5053
1562	5	0.52832	25.1619
1563	5	0.52325	25.0527
1564	5	0.51944	24.5996
1565	5	0.51669	24.6384
1566	5	0.51197	23.9507
1567	5	0.50797	24.2026
1568	5	0.51097	23.9645
1569	5	0.5505	23.9094
1570	5	0.60596	23.8138
1571	5	0.62692	24.1403
1572	5	0.6255	24.1539
1573	5	0.63371	24.2176
1574	5	0.63747	24.3831
1575	5	0.52755	24.9528
1576	5	0.52875	24.7612
1577	5	0.52223	24.4635
1578	5	0.51802	24.7274
1579	5	0.51057	24.0934
1580	5	0.50672	23.9367
1581	5	0.50261	24.3267
1582	5	0.50266	23.6399
1583	5	0.53999	23.4949
1584	5	0.59547	24.0572
1585	5	0.61488	23.8295
1586	5	0.62036	24.5402
1587	5	0.62005	24.1559
1588	5	0.5221	24.4633
1589	5	0.51804	24.4602
1590	5	0.51005	24.4227
1591	5	0.50205	24.1003
1592	5	0.49851	23.9029
1593	5	0.49168	23.3149
1594	5	0.49436	23.4694
1595	5	0.52797	23.3634
1596	5	0.5862	23.7885
1597	5	0.60784	23.5677
1598	5	0.60355	24.224
1599	5	0.60028	24.0313
1600	5	0.51021	24.5517
1601	5	0.50314	23.9494
1602	5	0.4977	24.0138
1603	5	0.49131	24.3018
1604	5	0.48697	23.8535
1605	5	0.48213	23.2944
1606	5	0.51689	23.671
1607	5	0.5731	23.946
1608	5	0.59208	24.0445
1609	5	0.58621	24.3406
1610	5	0.49486	23.7509
1611	5	0.49085	23.8334
1612	5	0.48265	23.9266
1613	5	0.46994	23.5825
1614	5	0.46912	23.8853
1615	5	0.50662	23.472
1616	5	0.56029	23.5113
1617	5	0.57223	23.5813
1618	5	0.56632	23.6733
1619	5	0.48001	23.7526
1620	5	0.46828	23.9255
1621	5	0.46193	23.7184
1622	5	0.45655	23.3447
1623	5	0.48845	23.1152
1624	5	0.5391	23.6312
1625	5	0.55606	23.787
1626	5	0.45776	24.0977
1627	5	0.44655	23.4122
1628	5	0.43866	23.3952
1629	5	0.46352	23.7651
1630	5	0.52391	23.873
1631	5	0.54523	23.8672
1632	5	0.43394	23.1972
1633	5	0.41572	23.563
1634	5	0.45038	23.862
1635	5	0.51521	24.2554
1636	5	0.40419	23.3936
1637	5	0.44462	23.5599
1638	5	0.4906	23.7233
1639	5	0.45698	23.4376
1640	5	0.5471	25.9437
1641	5	0.54765	25.9929
1642	5	0.5377	25.9288
1643	5	0.53694	25.5807
1644	5	0.5337	25.6009
1645	5	0.52735	25.3992
1646	5	0.52174	25.0325
1647	5	0.52101	24.9855
1648	5	0.51812	24.6899
1649	5	0.5175	24.1223
1650	5	0.52246	24.0485
1651	5	0.55599	23.988
1652	5	0.61148	23.9779
1653	5	0.63754	24.4133
1654	5	0.6375	24.2962
1655	5	0.64416	24.3419
1656	5	0.65187	24.5901
1657	5	0.5392	25.9447
1658	5	0.53654	25.9935
1659	5	0.53116	25.2419
1660	5	0.52692	24.9966
1661	5	0.52535	24.9945
1662	5	0.52079	24.866
1663	5	0.51464	24.6001
1664	5	0.5131	24.0308
1665	5	0.51167	23.9847
1666	5	0.511	23.5942
1667	5	0.54679	23.7874
1668	5	0.60525	23.8795
1669	5	0.62648	24.1502
1670	5	0.62704	24.2908
1671	5	0.63138	24.3156
1672	5	0.63619	24.6407
1673	5	0.53326	25.3413
1674	5	0.52693	25.4182
1675	5	0.52252	25.1223
1676	5	0.51579	24.8154
1677	5	0.51247	24.6328
1678	5	0.51205	24.0653
1679	5	0.50805	24.044
1680	5	0.50388	23.4859
1681	5	0.50555	23.2713
1682	5	0.54094	23.5424
1683	5	0.59643	23.949
1684	5	0.61841	24.3926
1685	5	0.61716	24.1473
1686	5	0.62205	24.0388
1687	5	0.52269	24.9765
1688	5	0.51799	24.5868
1689	5	0.51587	24.2012
1690	5	0.5086	24.6592
1691	5	0.50635	23.9379
1692	5	0.49971	23.7853
1693	5	0.49473	23.6791
1694	5	0.4985	23.6184
1695	5	0.52712	23.7069
1696	5	0.58771	23.7809
1697	5	0.60973	23.6671
1698	5	0.60867	24.0777
1699	5	0.60052	23.7767
1700	5	0.51542	24.1429
1701	5	0.51088	24.122
1702	5	0.50521	23.9727
1703	5	0.49575	24.0212
1704	5	0.49197	23.476
1705	5	0.48624	23.3966
1706	5	0.48195	23.62
1707	5	0.51638	23.1796
1708	5	0.57361	23.7425
1709	5	0.59464	23.4086
1710	5	0.58485	23.7789
1711	5	0.50293	24.2211
1712	5	0.49249	23.982
1713	5	0.48712	24.1767
1714	5	0.4826	23.3537
1715	5	0.47585	23.3894
1716	5	0.46901	23.2661
1717	5	0.50598	23.3812
1718	5	0.5612	23.8105
1719	5	0.57538	24.4277
1720	5	0.57092	23.9715
1721	5	0.48731	24.0418
1722	5	0.48117	23.0915
1723	5	0.47033	23.3478
1724	5	0.46241	23.5015
1725	5	0.46027	23.2225
1726	5	0.48656	23.5008
1727	5	0.53878	24.1189
1728	5	0.55641	23.6624
1729	5	0.46945	23.4715
1730	5	0.4605	23.8815
1731	5	0.44648	23.4179
1732	5	0.44396	23.0504
1733	5	0.46614	23.6176
1734	5	0.52582	23.9057
1735	5	0.54576	24.0207
1736	5	0.45017	23.23
1737	5	0.43211	22.7716
1738	5	0.41718	23.3159
1739	5	0.44885	23.6831
1740	5	0.5124	23.9152
1741	5	0.40993	23.5046
1742	5	0.39665	23.5941
1743	5	0.43625	23.5129
1744	5	0.48098	23.7126
1745	5	0.39089	23.8547
1746	5	0.40064	23.446
1747	5	0.3647	23.1635
1748	5	0.53655	25.5537
1749	5	0.53296	25.2743
1750	5	0.52484	25.5389
1751	5	0.52395	24.9354
1752	5	0.51856	24.5867
1753	5	0.51625	24.2992
1754	5	0.51334	23.9066
1755	5	0.50742	23.7185
1756	5	0.50297	23.5075
1757	5	0.50098	23.5773
1758	5	0.5439	23.5648
1759	5	0.59981	24.0563
1760	5	0.62014	23.9281
1761	5	0.61972	24.0138
1762	5	0.62189	23.9793
1763	5	0.52448	24.9626
1764	5	0.52086	25.0908
1765	5	0.51549	24.7035
1766	5	0.51008	24.4755
1767	5	0.51113	23.7942
1768	5	0.507	23.8772
1769	5	0.50398	23.7757
1770	5	0.49771	23.6789
1771	5	0.49845	23.4627
1772	5	0.53115	23.6298
1773	5	0.58747	23.6509
1774	5	0.61051	23.9844
1775	5	0.60342	24.2263
1776	5	0.60045	23.993
1777	5	0.51712	24.5808
1778	5	0.51089	24.2627
1779	5	0.50803	24.0023
1780	5	0.50546	23.7349
1781	5	0.50357	23.9422
1782	5	0.49214	23.3333
1783	5	0.48528	23.5681
1784	5	0.48414	23.3092
1785	5	0.51555	23.4901
1786	5	0.575	23.5772
1787	5	0.59339	23.9901
1788	5	0.58553	23.752
1789	5	0.50715	23.9202
1790	5	0.50192	23.7019
1791	5	0.49871	23.8664
1792	5	0.49317	23.3255
1793	5	0.48398	23.304
1794	5	0.47312	23.1789
1795	5	0.47046	23.1766
1796	5	0.50586	23.2068
1797	5	0.56256	23.068
1798	5	0.57004	23.5621
1799	5	0.56759	23.5577
1800	5	0.49381	23.7687
1801	5	0.49033	23.4775
1802	5	0.48419	23.8234
1803	5	0.47358	23.2272
1804	5	0.46268	23.2911
1805	5	0.45876	23.0122
1806	5	0.4888	23.3725
1807	5	0.54052	23.6071
1808	5	0.55805	23.5496
1809	5	0.48383	23.7046
1810	5	0.46935	23.2913
1811	5	0.4597	23.0494
1812	5	0.45095	23.1029
1813	5	0.44013	23.241
1814	5	0.46807	23.6536
1815	5	0.52378	24.0432
1816	5	0.54498	23.7077
1817	5	0.46142	23.1247
1818	5	0.4517	22.9087
1819	5	0.43306	23.3163
1820	5	0.41628	23.4453
1821	5	0.44897	23.0372
1822	5	0.51277	23.574
1823	5	0.43432	22.9973
1824	5	0.41044	23.5783
1825	5	0.39588	23.8752
1826	5	0.4333	23.4026
1827	5	0.47993	23.358
1828	5	0.3853	23.7506
1829	5	0.37976	23.8997
1830	5	0.39075	23.1761
1831	5	0.3454	23.5037
1832	5	0.30225	22.876
1833	5	0.52253	25.1081
1834	5	0.51833	24.6242
1835	5	0.51209	24.2505
1836	5	0.51018	24.0985
1837	5	0.50344	23.7662
1838	5	0.49928	23.6175
1839	5	0.49515	23.4467
1840	5	0.485	23.5291
1841	5	0.48434	23.4864
1842	5	0.51947	22.951
1843	5	0.5755	23.886
1844	5	0.59284	23.724
1845	5	0.58458	23.8304
1846	5	0.51077	24.2532
1847	5	0.50256	24.2635
1848	5	0.50258	23.7818
1849	5	0.50247	23.7999
1850	5	0.49315	23.6014
1851	5	0.48389	23.0766
1852	5	0.47613	23.0818
1853	5	0.47081	23.0876
1854	5	0.50529	23.2385
1855	5	0.56033	23.3767
1856	5	0.57331	23.6672
1857	5	0.56923	23.8123
1858	5	0.50294	24.043
1859	5	0.49609	23.4403
1860	5	0.48953	23.398
1861	5	0.48192	23.1471
1862	5	0.47068	23.174
1863	5	0.46269	23.2999
1864	5	0.45542	22.7789
1865	5	0.48813	23.4341
1866	5	0.53934	23.4503
1867	5	0.55776	23.2657
1868	5	0.49214	23.438
1869	5	0.48585	23.1954
1870	5	0.47329	22.9505
1871	5	0.46139	23.1834
1872	5	0.4489	22.912
1873	5	0.43956	22.9061
1874	5	0.46767	22.9431
1875	5	0.52691	23.0488
1876	5	0.54812	23.7317
1877	5	0.47522	22.8195
1878	5	0.46244	23.0546
1879	5	0.45135	22.6911
1880	5	0.43497	22.8654
1881	5	0.41694	23.1698
1882	5	0.4512	22.8981
1883	5	0.51686	23.5264
1884	5	0.452	22.7481
1885	5	0.43393	23.1676
1886	5	0.4069	23.1273
1887	5	0.39302	22.9896
1888	5	0.43153	23.0412
1889	5	0.47635	22.8972
1890	5	0.40679	23.0145
1891	5	0.38346	23.4625
1892	5	0.38004	23.2077
1893	5	0.39104	23.2931
1894	5	0.37039	23.284
1895	5	0.33452	23.4016
1896	5	0.29269	22.5661
1897	5	0.23433	22.3749
1898	5	0.50327	24.143
1899	5	0.49889	23.6951
1900	5	0.49717	23.5292
1901	5	0.4916	23.2803
1902	5	0.48045	23.3468
1903	5	0.47306	22.9475
1904	5	0.46294	22.9378
1905	5	0.45854	22.9476
1906	5	0.49105	22.5561
1907	5	0.53961	23.0628
1908	5	0.5591	23.2084
1909	5	0.49733	23.2969
1910	5	0.49556	23.1949
1911	5	0.48535	23.1924
1912	5	0.4707	23.4255
1913	5	0.46656	22.9098
1914	5	0.44942	23.2229
1915	5	0.43933	22.9602
1916	5	0.46513	23.2249
1917	5	0.5238	23.3496
1918	5	0.5489	23.0477
1919	5	0.48762	22.8778
1920	5	0.47708	23.3461
1921	5	0.46316	22.5339
1922	5	0.4498	22.7446
1923	5	0.4337	22.9895
1924	5	0.41177	23.0913
1925	5	0.4458	23.0135
1926	5	0.51412	23.075
1927	5	0.46278	23.0095
1928	5	0.45106	22.8589
1929	5	0.43178	23.2288
1930	5	0.40807	23.1185
1931	5	0.39485	23.7393
1932	5	0.43324	23.1693
1933	5	0.47791	23.0623
1934	5	0.43033	23.0624
1935	5	0.40512	23.2828
1936	5	0.3841	23.2471
1937	5	0.37622	23.3245
1938	5	0.39048	22.609
1939	5	0.38346	23.3697
1940	5	0.36898	23.3435
1941	5	0.3299	23.6211
1942	5	0.28821	22.6993
1943	5	0.32111	22.8533
1944	5	0.21934	22.3735
1945	5	0.15842	22.3944
1946	5	0.49322	23.0467
1947	5	0.48801	22.9045
1948	5	0.47396	22.7435
1949	5	0.46358	22.8576
1950	5	0.44953	22.6425
1951	5	0.4316	22.3987
1952	5	0.41608	22.8877
1953	5	0.447	23.0217
1954	5	0.51236	23.3682
1955	5	0.47528	22.5752
1956	5	0.46333	22.8605
1957	5	0.45051	22.7664
1958	5	0.43496	22.6827
1959	5	0.40862	22.6834
1960	5	0.39286	23.4558
1961	5	0.43455	23.5734
1962	5	0.47748	22.856
1963	5	0.45202	22.9725
1964	5	0.43236	22.7212
1965	5	0.4051	22.862
1966	5	0.38356	22.9877
1967	5	0.37857	22.9815
1968	5	0.38972	22.8599
1969	5	0.40293	22.7932
1970	5	0.38491	23.0953
1971	5	0.36712	23.2271
1972	5	0.32839	23.4088
1973	5	0.28729	22.3043
1974	5	0.3685	23.1189
1975	5	0.31971	22.919
1976	5	0.22054	22.0107
1977	5	0.20745	22.7815
1978	5	0.14491	21.6275
1979	5	0.46113	22.2901
1980	5	0.44976	22.4086
1981	5	0.43291	22.699
1982	5	0.40425	22.6455
1983	5	0.38471	22.9931
1984	5	0.37627	23.5424
1985	5	0.39059	22.7178
1986	5	0.43285	22.8579
1987	5	0.4046	22.994
1988	5	0.38344	23.1464
1989	5	0.36774	22.8105
1990	5	0.32646	22.6148
1991	5	0.28665	22.1347
1992	5	0.38115	23.1476
1993	5	0.368	23.2577
1994	5	0.31887	22.7178
1995	5	0.21791	22.6233
1996	5	0.32114	23.1108
1997	5	0.20435	22.3461
1998	5	0.14177	22.141
1999	5	0.13048	20.8797
2000	5	0.40441	23.1248
2001	5	0.38089	22.8141
2002	5	0.36548	23.374
2003	5	0.31821	23.1663
2004	5	0.21957	22.139
2005	5	0.36544	23.4072
2006	5	0.31688	22.614
2007	5	0.20538	22.4665
2008	5	0.14022	22.1672
2009	5	0.20374	22.0449
2010	5	0.12707	22.4797
2011	5	0.11514	22.357
2012	5	0.32069	22.5518
2013	5	0.20177	22.6357
2014	5	0.12671	22.5566
2015	5	0.12657	22.5337
2016	5	0.11304	21.5093
2017	5	0.11223	22.0782
2018	5	0.564	27.7703
2019	5	0.56127	27.737
2020	5	0.56018	27.0599
2021	5	0.55557	27.1108
2022	5	0.55144	27.1296
2023	5	0.54791	26.5341
2024	5	0.54302	26.8174
2025	5	0.53998	26.5526
2026	5	0.53519	26.4211
2027	5	0.53116	26.3193
2028	5	0.52809	26.0021
2029	5	0.52923	25.4769
2030	5	0.53933	24.894
2031	5	0.57436	25.162
2032	5	0.63104	25.484
2033	5	0.65157	25.5656
2034	5	0.65492	25.6633
2035	5	0.66391	25.8971
2036	5	0.67387	25.6987
2037	5	0.67862	25.6509
2038	5	0.6782	26.2423
2039	5	0.55812	27.6796
2040	5	0.55551	27.5286
2041	5	0.5517	27.1998
2042	5	0.54709	26.9992
2043	5	0.54248	27.1342
2044	5	0.53941	26.7643
2045	5	0.53189	26.7334
2046	5	0.53335	26.3585
2047	5	0.52718	26.1364
2048	5	0.52521	25.8839
2049	5	0.52659	25.5074
2050	5	0.53385	24.6829
2051	5	0.56965	24.6524
2052	5	0.62564	25.4818
2053	5	0.64782	25.503
2054	5	0.65349	25.7002
2055	5	0.65795	25.7198
2056	5	0.6664	25.9604
2057	5	0.6718	26.0408
2058	5	0.55241	27.3773
2059	5	0.5502	26.7964
2060	5	0.5441	26.937
2061	5	0.54042	26.7501
2062	5	0.53609	26.2021
2063	5	0.5325	26.3413
2064	5	0.52773	25.8647
2065	5	0.52351	25.7747
2066	5	0.52509	25.1766
2067	5	0.52245	25.0224
2068	5	0.52869	24.9343
2069	5	0.56363	25.0139
2070	5	0.6182	25.045
2071	5	0.64039	25.3785
2072	5	0.64437	25.6473
2073	5	0.6507	25.5705
2074	5	0.66037	25.5951
2075	5	0.6634	25.3575
2076	5	0.54472	26.4155
2077	5	0.54212	26.8824
2078	5	0.5368	26.3201
2079	5	0.53003	26.0155
2080	5	0.5281	25.8583
2081	5	0.52406	25.6624
2082	5	0.52103	25.3865
2083	5	0.51425	24.842
2084	5	0.51353	25.0255
2085	5	0.52107	24.7065
2086	5	0.55633	24.7133
2087	5	0.61547	24.9165
2088	5	0.63583	24.8679
2089	5	0.63425	25.5402
2090	5	0.6434	25.6173
2091	5	0.6488	25.4177
2092	5	0.53701	26.0066
2093	5	0.53106	26.1204
2094	5	0.52687	25.947
2095	5	0.52493	25.97
2096	5	0.52304	25.3465
2097	5	0.51652	25.0857
2098	5	0.51455	24.8273
2099	5	0.50802	24.8368
2100	5	0.51651	24.5183
2101	5	0.55151	24.5859
2102	5	0.60765	24.7135
2103	5	0.62556	24.8406
2104	5	0.6274	25.221
2105	5	0.6357	25.4759
2106	5	0.63983	25.2645
2107	5	0.52725	25.7428
2108	5	0.52503	25.3028
2109	5	0.52112	25.0603
2110	5	0.51689	25.2058
2111	5	0.51178	24.9215
2112	5	0.50472	24.8811
2113	5	0.503	24.4978
2114	5	0.5048	23.9503
2115	5	0.53975	24.1332
2116	5	0.59553	24.8713
2117	5	0.61634	24.8965
2118	5	0.61491	25.089
2119	5	0.61937	24.6313
2120	5	0.5239	25.2861
2121	5	0.51461	24.8637
2122	5	0.51183	24.6932
2123	5	0.50332	24.8557
2124	5	0.49654	24.6142
2125	5	0.49395	24.4433
2126	5	0.49896	24.0864
2127	5	0.53157	24.6323
2128	5	0.59083	24.5106
2129	5	0.60673	24.9475
2130	5	0.60555	24.7039
2131	5	0.59995	24.6381
2132	5	0.50998	25.3269
2133	5	0.5056	24.8984
2134	5	0.49602	24.9245
2135	5	0.48787	24.8319
2136	5	0.48546	24.2021
2137	5	0.4862	23.7298
2138	5	0.51782	24.3253
2139	5	0.57971	24.0469
2140	5	0.59145	24.7189
2141	5	0.58537	24.9369
2142	5	0.49464	24.8543
2143	5	0.48801	24.3315
2144	5	0.47871	24.7869
2145	5	0.47015	24.1875
2146	5	0.47248	24.1028
2147	5	0.50535	24.337
2148	5	0.56372	24.2935
2149	5	0.57391	25.0445
2150	5	0.56746	25.2623
2151	5	0.4797	24.2609
2152	5	0.46969	24.4654
2153	5	0.45946	24.6195
2154	5	0.45859	24.3993
2155	5	0.48701	23.8766
2156	5	0.54146	24.5772
2157	5	0.55782	24.8983
2158	5	0.45606	24.9065
2159	5	0.44932	24.2077
2160	5	0.44137	24.1799
2161	5	0.46264	24.9181
2162	5	0.52581	24.4345
2163	5	0.54454	24.6534
2164	5	0.43084	23.9556
2165	5	0.41904	24.3268
2166	5	0.45186	24.5595
2167	5	0.51613	24.623
2168	5	0.40944	24.0377
2169	5	0.44962	23.9405
2170	5	0.48729	24.1936
2171	5	0.4575	23.8476
2172	5	0.55651	27.8296
2173	5	0.55105	27.3528
2174	5	0.54829	27.1159
2175	5	0.54476	26.7541
2176	5	0.53908	26.4937
2177	5	0.53185	26.5005
2178	5	0.5331	26.2265
2179	5	0.52805	26.3464
2180	5	0.52427	26.4472
2181	5	0.52108	26.1201
2182	5	0.52131	25.4749
2183	5	0.52671	24.6339
2184	5	0.56118	25.2648
2185	5	0.62102	25.3737
2186	5	0.6429	25.9075
2187	5	0.64602	25.6806
2188	5	0.64998	25.9725
2189	5	0.6578	25.7928
2190	5	0.6593	25.9796
2191	5	0.54925	26.8266
2192	5	0.5424	27.0095
2193	5	0.54045	26.4782
2194	5	0.53459	26.4574
2195	5	0.52787	26.5393
2196	5	0.52541	26.017
2197	5	0.52157	26.392
2198	5	0.5209	25.8293
2199	5	0.51948	25.4232
2200	5	0.51839	24.7639
2201	5	0.52262	24.8564
2202	5	0.55762	24.7888
2203	5	0.61259	25.5295
2204	5	0.63741	25.5672
2205	5	0.63489	25.8448
2206	5	0.64454	25.715
2207	5	0.64884	25.8782
2208	5	0.54105	26.7254
2209	5	0.53668	26.5295
2210	5	0.53251	26.1378
2211	5	0.52701	26.291
2212	5	0.52271	26.0906
2213	5	0.51796	25.7897
2214	5	0.51647	25.1748
2215	5	0.51295	25.0639
2216	5	0.51056	24.6812
2217	5	0.51386	24.1576
2218	5	0.55155	24.6924
2219	5	0.60607	25.4451
2220	5	0.62573	25.0601
2221	5	0.62828	25.3061
2222	5	0.63334	25.6172
2223	5	0.63929	25.5412
2224	5	0.53153	26.2203
2225	5	0.52785	25.9911
2226	5	0.52324	25.9977
2227	5	0.51664	25.318
2228	5	0.51343	24.8644
2229	5	0.51182	25.2495
2230	5	0.50696	24.9688
2231	5	0.50387	24.3146
2232	5	0.50623	24.3279
2233	5	0.54397	24.3551
2234	5	0.59746	24.9224
2235	5	0.61861	25.0176
2236	5	0.61677	25.4905
2237	5	0.6178	25.264
2238	5	0.52035	25.7839
2239	5	0.51784	25.4215
2240	5	0.51147	25.0917
2241	5	0.5081	25.1503
2242	5	0.5041	24.5519
2243	5	0.49817	24.4528
2244	5	0.49565	24.2742
2245	5	0.49931	24.6692
2246	5	0.5327	24.7576
2247	5	0.58816	25.0862
2248	5	0.60603	24.9742
2249	5	0.60782	25.5684
2250	5	0.60332	25.152
2251	5	0.51413	25.2976
2252	5	0.50948	24.8895
2253	5	0.4988	25.2083
2254	5	0.49694	24.939
2255	5	0.48881	24.5928
2256	5	0.48663	24.2535
2257	5	0.48495	24.1427
2258	5	0.52041	24.0574
2259	5	0.57833	25.0131
2260	5	0.59332	24.6808
2261	5	0.58522	25.1454
2262	5	0.50329	24.9651
2263	5	0.4913	24.6793
2264	5	0.48526	24.8158
2265	5	0.47959	24.7278
2266	5	0.47087	24.3419
2267	5	0.47327	24.0618
2268	5	0.50621	24.3113
2269	5	0.56286	24.9263
2270	5	0.57149	25.0865
2271	5	0.5711	25.4075
2272	5	0.48928	24.66
2273	5	0.48002	24.6823
2274	5	0.46713	24.1189
2275	5	0.46228	24.1861
2276	5	0.46055	24.3639
2277	5	0.49203	24.3333
2278	5	0.54167	24.4951
2279	5	0.55809	24.2814
2280	5	0.46867	24.9881
2281	5	0.45514	24.3122
2282	5	0.44961	24.654
2283	5	0.4411	24.0167
2284	5	0.46814	24.6091
2285	5	0.5243	24.4069
2286	5	0.54519	24.945
2287	5	0.44519	24.5999
2288	5	0.4312	24.1791
2289	5	0.41983	24.6474
2290	5	0.4473	24.7957
2291	5	0.51272	24.6249
2292	5	0.40966	24.7912
2293	5	0.40055	24.5594
2294	5	0.4391	24.6029
2295	5	0.47957	24.8172
2296	5	0.39365	24.2895
2297	5	0.40381	24.0791
2298	5	0.36733	23.6243
2299	5	0.54392	26.984
2300	5	0.54374	26.4016
2301	5	0.53724	26.4502
2302	5	0.53173	26.36
2303	5	0.52645	26.5417
2304	5	0.52225	26.3235
2305	5	0.52051	25.4729
2306	5	0.5155	25.3169
2307	5	0.51559	25.0741
2308	5	0.51353	24.8745
2309	5	0.51571	24.2916
2310	5	0.54947	24.6201
2311	5	0.60742	25.0084
2312	5	0.62669	25.4952
2313	5	0.6275	25.4894
2314	5	0.6315	25.4179
2315	5	0.63923	25.4592
2316	5	0.53687	26.8565
2317	5	0.53075	26.2264
2318	5	0.52954	26.1011
2319	5	0.52367	25.6883
2320	5	0.51691	25.3185
2321	5	0.5131	25.3546
2322	5	0.50967	25.3498
2323	5	0.50748	24.8865
2324	5	0.50507	24.2577
2325	5	0.50606	24.4541
2326	5	0.54188	24.5882
2327	5	0.59939	24.9148
2328	5	0.61489	25.6254
2329	5	0.61794	25.639
2330	5	0.61993	25.4778
2331	5	0.52821	25.6567
2332	5	0.52131	25.6644
2333	5	0.51736	25.4633
2334	5	0.51333	25.1918
2335	5	0.50805	24.9983
2336	5	0.5056	25.147
2337	5	0.49917	24.9209
2338	5	0.49531	24.6976
2339	5	0.49643	24.2503
2340	5	0.53501	24.5525
2341	5	0.58927	24.1554
2342	5	0.60585	24.9558
2343	5	0.60388	25.2744
2344	5	0.60006	25.2326
2345	5	0.51781	25.4207
2346	5	0.51311	25.226
2347	5	0.5101	25.0966
2348	5	0.50533	24.9145
2349	5	0.49645	24.8477
2350	5	0.49207	24.2924
2351	5	0.48692	24.2055
2352	5	0.48697	24.1979
2353	5	0.51765	24.4172
2354	5	0.57906	24.6009
2355	5	0.59536	24.6721
2356	5	0.58444	25.2282
2357	5	0.50967	25.0837
2358	5	0.50427	24.7087
2359	5	0.49642	24.6423
2360	5	0.49058	24.5757
2361	5	0.48203	24.5305
2362	5	0.47502	24.174
2363	5	0.47023	23.8996
2364	5	0.51122	24.1009
2365	5	0.56301	24.3637
2366	5	0.57643	24.8142
2367	5	0.56932	24.8193
2368	5	0.49688	24.6856
2369	5	0.48548	24.611
2370	5	0.47812	24.4353
2371	5	0.47211	24.1319
2372	5	0.46498	24.5357
2373	5	0.46267	23.974
2374	5	0.48945	24.6265
2375	5	0.54415	24.725
2376	5	0.55707	24.594
2377	5	0.47992	24.5571
2378	5	0.46976	24.4732
2379	5	0.45839	24.1117
2380	5	0.44957	24.0659
2381	5	0.44213	24.2025
2382	5	0.46752	24.0991
2383	5	0.52365	24.7444
2384	5	0.54539	24.969
2385	5	0.45786	24.1674
2386	5	0.44954	24.2794
2387	5	0.43241	24.5048
2388	5	0.41792	24.1125
2389	5	0.4459	24.8205
2390	5	0.51217	24.3928
2391	5	0.43142	24.1892
2392	5	0.41241	23.877
2393	5	0.39913	24.5903
2394	5	0.4333	24.4023
2395	5	0.48	24.7609
2396	5	0.39007	24.7705
2397	5	0.38684	24.591
2398	5	0.39805	24.5501
2399	5	0.34846	23.7227
2400	5	0.31056	23.7078
2401	5	0.52936	26.1846
2402	5	0.52796	26.0762
2403	5	0.52356	25.7135
2404	5	0.5178	25.3007
2405	5	0.51101	25.2161
2406	5	0.50844	24.9944
2407	5	0.50405	24.7576
2408	5	0.50377	24.6812
2409	5	0.4966	24.4517
2410	5	0.49986	24.0808
2411	5	0.53534	24.1202
2412	5	0.58802	24.9985
2413	5	0.60872	24.762
2414	5	0.606	25.5046
2415	5	0.60096	25.1976
2416	5	0.51898	25.7931
2417	5	0.51628	25.6249
2418	5	0.51112	25.6732
2419	5	0.50659	25.1308
2420	5	0.50399	24.8705
2421	5	0.49627	24.3953
2422	5	0.49304	24.4733
2423	5	0.48963	24.0927
2424	5	0.48862	24.1827
2425	5	0.5214	24.1304
2426	5	0.57863	24.63
2427	5	0.59301	24.848
2428	5	0.58747	24.7796
2429	5	0.51123	25.0617
2430	5	0.50714	25.29
2431	5	0.4992	24.776
2432	5	0.49798	24.7001
2433	5	0.48957	24.1195
2434	5	0.48379	24.3602
2435	5	0.47629	24.0087
2436	5	0.47521	24.2098
2437	5	0.50605	24.2027
2438	5	0.56577	24.4612
2439	5	0.57532	24.8157
2440	5	0.56824	24.5607
2441	5	0.50427	24.5983
2442	5	0.4969	24.5364
2443	5	0.48949	24.363
2444	5	0.4839	24.2832
2445	5	0.46849	23.7887
2446	5	0.46138	23.7847
2447	5	0.46085	23.4327
2448	5	0.4927	24.3997
2449	5	0.54083	24.4438
2450	5	0.55934	24.6296
2451	5	0.48741	24.7422
2452	5	0.48154	24.2942
2453	5	0.47175	24.0157
2454	5	0.46155	24.3668
2455	5	0.44867	24.3485
2456	5	0.44183	23.6793
2457	5	0.4688	24.0328
2458	5	0.52216	24.482
2459	5	0.5444	24.5458
2460	5	0.47042	24.2863
2461	5	0.46223	24.2032
2462	5	0.44751	24.1546
2463	5	0.43434	24.0465
2464	5	0.41601	23.9352
2465	5	0.45025	24.6288
2466	5	0.51158	24.2712
2467	5	0.44854	23.8823
2468	5	0.43193	23.6541
2469	5	0.40574	24.0151
2470	5	0.39703	24.3747
2471	5	0.4326	24.5787
2472	5	0.47676	23.944
2473	5	0.40891	24.3276
2474	5	0.38892	24.1952
2475	5	0.38518	24.3179
2476	5	0.39065	24.302
2477	5	0.37231	24.4956
2478	5	0.34036	23.9165
2479	5	0.29735	23.8567
2480	5	0.24551	23.4933
2481	5	0.51657	25.3971
2482	5	0.51327	25.0817
2483	5	0.50666	24.8023
2484	5	0.50351	24.7503
2485	5	0.49902	24.4874
2486	5	0.49272	24.6982
2487	5	0.4836	23.9912
2488	5	0.47619	23.8174
2489	5	0.4748	23.7389
2490	5	0.5071	24.0155
2491	5	0.56636	24.3619
2492	5	0.5753	24.7767
2493	5	0.57124	24.4657
2494	5	0.50472	25.2096
2495	5	0.49902	24.3463
2496	5	0.49554	24.5789
2497	5	0.49302	24.2082
2498	5	0.48152	24.3582
2499	5	0.46997	23.7678
2500	5	0.46446	23.6698
2501	5	0.46325	24.032
2502	5	0.49018	23.9369
2503	5	0.54382	24.6857
2504	5	0.55641	24.6348
2505	5	0.49789	24.1025
2506	5	0.4871	24.2326
2507	5	0.48463	23.8014
2508	5	0.47381	23.9403
2509	5	0.45878	24.1106
2510	5	0.45172	23.8051
2511	5	0.44026	23.6827
2512	5	0.46413	24.3803
2513	5	0.52426	24.6254
2514	5	0.54343	24.4923
2515	5	0.48304	23.9911
2516	5	0.47169	23.6947
2517	5	0.46072	24.165
2518	5	0.44658	23.7418
2519	5	0.4339	23.4848
2520	5	0.4186	24.1537
2521	5	0.44766	24.5582
2522	5	0.51359	24.3064
2523	5	0.46152	23.7305
2524	5	0.45046	23.4069
2525	5	0.43202	23.6592
2526	5	0.40828	23.8047
2527	5	0.39778	24.0256
2528	5	0.43322	24.4184
2529	5	0.47498	23.8351
2530	5	0.43222	23.7105
2531	5	0.40721	23.5221
2532	5	0.38677	24.7521
2533	5	0.38299	24.3832
2534	5	0.39071	24.0561
2535	5	0.38597	23.7427
2536	5	0.37092	24.4091
2537	5	0.3368	24.4459
2538	5	0.29257	23.4787
2539	5	0.32475	23.9256
2540	5	0.23085	23.0524
2541	5	0.17225	23.5196
2542	5	0.49868	24.3403
2543	5	0.49122	24.2376
2544	5	0.49015	23.8904
2545	5	0.48133	23.8433
2546	5	0.47223	24.2311
2547	5	0.46204	24.1472
2548	5	0.45101	23.8948
2549	5	0.44413	23.8241
2550	5	0.46391	24.1683
2551	5	0.52572	24.2719
2552	5	0.54424	24.8056
2553	5	0.49052	24.1095
2554	5	0.48249	23.8677
2555	5	0.47008	23.4577
2556	5	0.45962	23.8294
2557	5	0.44841	24.0334
2558	5	0.43128	23.867
2559	5	0.41721	23.4965
2560	5	0.44729	24.187
2561	5	0.51182	24.7168
2562	5	0.47142	23.8114
2563	5	0.46294	23.4926
2564	5	0.44941	23.8217
2565	5	0.43171	23.3728
2566	5	0.40697	23.929
2567	5	0.39978	23.8604
2568	5	0.43709	23.9589
2569	5	0.47568	23.8063
2570	5	0.44971	23.7917
2571	5	0.43076	23.3704
2572	5	0.4069	23.9301
2573	5	0.38827	24.1811
2574	5	0.38207	24.9325
2575	5	0.39145	23.9538
2576	5	0.40719	23.8572
2577	5	0.38371	24.2408
2578	5	0.36846	24.3916
2579	5	0.33298	23.6662
2580	5	0.29166	23.1633
2581	5	0.36823	23.7747
2582	5	0.32277	24.1147
2583	5	0.22396	22.8881
2584	5	0.21511	23.9357
2585	5	0.15671	22.4465
2586	5	0.48101	23.279
2587	5	0.47608	23.3799
2588	5	0.4604	23.3924
2589	5	0.44852	23.4787
2590	5	0.42981	23.6804
2591	5	0.40598	23.845
2592	5	0.3965	23.9978
2593	5	0.4347	24.3744
2594	5	0.4743	23.8389
2595	5	0.46116	23.5578
2596	5	0.44956	23.478
2597	5	0.4295	23.3713
2598	5	0.40278	24.0071
2599	5	0.38689	24.2889
2600	5	0.37903	24.0694
2601	5	0.38998	23.5787
2602	5	0.43251	23.2986
2603	5	0.40473	23.5805
2604	5	0.38369	24.0241
2605	5	0.37033	24.3248
2606	5	0.33236	23.356
2607	5	0.29432	23.4098
2608	5	0.38092	23.8716
2609	5	0.3643	24.2663
2610	5	0.32379	23.4782
2611	5	0.22388	23.1891
2612	5	0.32064	24.5642
2613	5	0.21055	23.6212
2614	5	0.15062	23.3327
2615	5	0.13979	23.1054
2616	5	0.44922	23.9095
2617	5	0.43022	23.2377
2618	5	0.40101	23.7021
2619	5	0.38517	24.0167
2620	5	0.37023	24.2503
2621	5	0.33308	23.6261
2622	5	0.2898	23.2794
2623	5	0.40251	23.667
2624	5	0.38253	23.3964
2625	5	0.36518	24.3909
2626	5	0.32182	24.0995
2627	5	0.22376	22.7585
2628	5	0.36554	23.649
2629	5	0.31985	23.4908
2630	5	0.20885	22.609
2631	5	0.15051	23.0824
2632	5	0.20706	22.9047
2633	5	0.13602	22.3601
2634	5	0.12131	22.4764
2635	5	0.38236	23.7926
2636	5	0.36652	23.9805
2637	5	0.31456	23.9594
2638	5	0.20659	23.3456
2639	5	0.14942	22.5582
2640	5	0.31771	23.9588
2641	5	0.20552	22.6773
2642	5	0.13517	23.3646
2643	5	0.13184	23.2592
2644	5	0.12062	22.6586
2645	5	0.20142	23.4449
2646	5	0.12975	23.652
2647	5	0.11867	22.787
2648	5	0.11455	23.792
2649	5	0.1102	22.9987
2650	5	0.55218	27.6075
2651	5	0.5476	27.3539
2652	5	0.54448	26.8102
2653	5	0.53845	26.6361
2654	5	0.53613	26.3636
2655	5	0.53258	26.4291
2656	5	0.52461	26.1283
2657	5	0.52318	26.2625
2658	5	0.51715	26.2693
2659	5	0.51535	25.3316
2660	5	0.52074	24.9574
2661	5	0.52352	24.5092
2662	5	0.55609	25.4621
2663	5	0.61644	25.585
2664	5	0.63544	25.7981
2665	5	0.63543	25.8543
2666	5	0.64343	26.1154
2667	5	0.65202	25.8152
2668	5	0.54504	26.9477
2669	5	0.53855	26.5365
2670	5	0.5392	26.5056
2671	5	0.5315	26.5132
2672	5	0.52714	26.3613
2673	5	0.52159	26.3152
2674	5	0.51893	25.8825
2675	5	0.51293	25.761
2676	5	0.51345	25.1715
2677	5	0.51165	25.2232
2678	5	0.51457	24.889
2679	5	0.55115	25.0001
2680	5	0.60709	25.4154
2681	5	0.62826	25.3602
2682	5	0.6296	25.621
2683	5	0.63406	25.5351
2684	5	0.64002	25.7439
2685	5	0.53549	26.7997
2686	5	0.53104	26.4361
2687	5	0.52597	26.1839
2688	5	0.51964	26.3614
2689	5	0.51713	25.926
2690	5	0.51611	25.5045
2691	5	0.51	25.0046
2692	5	0.509	24.99
2693	5	0.50367	24.7988
2694	5	0.50929	24.2889
2695	5	0.54016	24.6022
2696	5	0.59636	25.3357
2697	5	0.61673	25.4655
2698	5	0.61899	25.4927
2699	5	0.6219	25.7727
2700	5	0.52884	26.2815
2701	5	0.52188	25.5675
2702	5	0.51797	25.7347
2703	5	0.51394	25.3115
2704	5	0.5087	25.0394
2705	5	0.50462	25.1779
2706	5	0.49942	24.7718
2707	5	0.49716	24.0956
2708	5	0.49936	24.6639
2709	5	0.53162	24.8169
2710	5	0.58936	25.0249
2711	5	0.60668	25.0274
2712	5	0.60404	25.3183
2713	5	0.6043	25.5288
2714	5	0.51858	25.8633
2715	5	0.51557	25.5416
2716	5	0.50755	25.0898
2717	5	0.50241	24.8067
2718	5	0.49648	24.5816
2719	5	0.49397	24.6805
2720	5	0.49043	24.2384
2721	5	0.49052	24.7063
2722	5	0.51914	24.4563
2723	5	0.57771	24.9764
2724	5	0.5935	25.0557
2725	5	0.58623	25.1583
2726	5	0.50819	24.7889
2727	5	0.50138	24.8802
2728	5	0.49438	24.9135
2729	5	0.48731	24.7253
2730	5	0.48026	24.3264
2731	5	0.47503	24.3259
2732	5	0.47367	24.1627
2733	5	0.50713	24.4958
2734	5	0.56177	25.3445
2735	5	0.57725	24.8696
2736	5	0.57069	24.9052
2737	5	0.4937	24.6912
2738	5	0.48498	24.7788
2739	5	0.48065	24.7655
2740	5	0.46733	24.4283
2741	5	0.46698	24.4586
2742	5	0.46507	24.296
2743	5	0.49096	24.5863
2744	5	0.54119	24.8674
2745	5	0.55832	25.4194
2746	5	0.47576	24.5968
2747	5	0.46599	24.8946
2748	5	0.46038	24.6674
2749	5	0.45083	23.7267
2750	5	0.44354	23.8378
2751	5	0.46112	24.3499
2752	5	0.52484	25.1311
2753	5	0.54704	25.2867
