0	1	0.54581	108.543
1	2	0.54332	64.6648
2	2	0.53917	65.5563
3	2	0.53748	63.9116
4	2	0.53412	65.1771
5	2	0.52807	63.2652
6	2	0.52555	63.2284
7	2	0.5162	62.4289
8	2	0.51288	62.6753
9	2	0.50709	61.6563
10	2	0.50408	61.9088
11	2	0.49546	61.9853
12	2	0.48709	62.6202
13	2	0.48338	61.8517
14	2	0.47447	60.2245
15	2	0.46964	62.6077
16	2	0.46278	62.7652
17	2	0.44893	62.2947
18	2	0.44104	63.1165
19	2	0.4275	63.0156
20	2	0.41331	63.873
21	2	0.39659	64.2427
22	2	0.39701	67.39
23	2	0.418	71.3257
24	2	0.45058	76.3506
25	2	0.46284	80.8546
26	3	0.54238	38.4317
27	3	0.53593	39.813
28	3	0.53304	39.342
29	3	0.53279	39.0982
30	3	0.52481	38.6079
31	3	0.52184	39.0361
32	3	0.51702	38.8147
33	3	0.51162	38.8788
34	3	0.50329	38.5574
35	3	0.49945	38.492
36	3	0.49124	38.3766
37	3	0.48443	38.3367
38	3	0.47848	38.6644
39	3	0.47208	38.3884
40	3	0.46112	38.4298
41	3	0.45364	38.7921
42	3	0.44305	38.4613
43	3	0.42843	39.2806
44	3	0.4121	40.0302
45	3	0.39813	40.5482
46	3	0.37965	41.6264
47	3	0.36615	44.5347
48	3	0.39455	46.7698
49	3	0.43376	48.7384
50	3	0.53664	40.1316
51	3	0.52898	40.4663
52	3	0.52348	40.7306
53	3	0.52339	40.3441
54	3	0.5173	39.3084
55	3	0.5116	39.858
56	3	0.50665	39.0151
57	3	0.49824	39.5055
58	3	0.49437	39.4187
59	3	0.48447	39.4254
60	3	0.47843	39.5325
61	3	0.47129	38.9138
62	3	0.46083	39.1965
63	3	0.45161	39.8786
64	3	0.44233	40.0272
65	3	0.43081	40.3991
66	3	0.41531	40.9468
67	3	0.39877	41.0635
68	3	0.37841	41.9484
69	3	0.34905	44.9559
70	3	0.33857	47.6048
71	3	0.37228	49.7799
72	3	0.40279	50.2039
73	3	0.52857	40.404
74	3	0.51963	40.5717
75	3	0.51578	39.4715
76	3	0.50945	39.8527
77	3	0.50386	39.0893
78	3	0.49749	39.5684
79	3	0.49414	39.2624
80	3	0.48737	39.9417
81	3	0.47796	39.3919
82	3	0.46877	39.3585
83	3	0.46327	39.7037
84	3	0.45073	39.6132
85	3	0.44288	39.6668
86	3	0.43184	39.8009
87	3	0.41524	40.8011
88	3	0.3971	41.0096
89	3	0.37802	43.0877
90	3	0.34514	45.0258
91	3	0.31349	47.9452
92	3	0.31136	50.4342
93	3	0.34017	50.7518
94	3	0.514	39.9715
95	3	0.50881	38.9927
96	3	0.50366	39.7257
97	3	0.49751	39.1861
98	3	0.49291	39.1452
99	3	0.48722	39.358
100	3	0.4768	39.2404
101	3	0.47205	39.5793
102	3	0.4621	38.7972
103	3	0.45226	39.9013
104	3	0.44183	39.6467
105	3	0.43151	39.9909
106	3	0.41437	40.3819
107	3	0.39842	41.9277
108	3	0.37782	43.5874
109	3	0.34999	44.6544
110	3	0.31395	47.5902
111	3	0.29054	49.9845
112	3	0.27519	51.3842
113	3	0.26564	50.8141
114	3	0.5019	39.5982
115	3	0.4987	38.4964
116	3	0.49319	38.9587
117	3	0.4862	38.8154
118	3	0.47547	39.3926
119	3	0.47025	38.8666
120	3	0.45985	39.4269
121	3	0.45336	38.5174
122	3	0.44248	39.4135
123	3	0.42675	40.5083
124	3	0.41507	40.2218
125	3	0.39885	41.3285
126	3	0.37838	41.5751
127	3	0.3421	43.5024
128	3	0.31101	46.0029
129	3	0.28533	50.3486
130	3	0.25031	50.7152
131	3	0.19579	50.4877
132	3	0.49193	38.135
133	3	0.48722	38.3953
134	3	0.47904	38.3143
135	3	0.46754	38.4482
136	3	0.46107	38.5707
137	3	0.45119	38.7734
138	3	0.44117	39.2575
139	3	0.42987	39.8823
140	3	0.41177	40.0599
141	3	0.39749	41.3194
142	3	0.3784	41.5224
143	3	0.34386	43.4211
144	3	0.31332	45.5803
145	3	0.28595	49.1646
146	3	0.24621	49.3355
147	3	0.16973	49.6875
148	3	0.11983	49.8749
149	3	0.4774	38.3714
150	3	0.46895	38.2951
151	3	0.46247	38.3509
152	3	0.44965	39.1581
153	3	0.44138	38.5418
154	3	0.43	39.3876
155	3	0.41479	39.8811
156	3	0.3971	40.3809
157	3	0.37885	41.477
158	3	0.34383	42.1121
159	3	0.30858	46.6982
160	3	0.28312	49.007
161	3	0.24497	49.2489
162	3	0.16522	49.506
163	3	0.08902	49.5125
164	3	0.46392	38.0938
165	3	0.45162	38.066
166	3	0.44152	39.0681
167	3	0.42578	39.3319
168	3	0.41433	40.6338
169	3	0.40058	40.7108
170	3	0.3766	41.7704
171	3	0.34551	42.9474
172	3	0.31002	44.9714
173	3	0.28318	47.3752
174	3	0.2452	48.5724
175	3	0.16325	48.2251
176	3	0.08301	49.8597
177	3	0.05909	52.3229
178	3	0.43985	38.3866
179	3	0.42886	39.1983
180	3	0.41247	40.0922
181	3	0.3987	40.8854
182	3	0.37492	41.2958
183	3	0.34438	42.5537
184	3	0.30783	46.3287
185	3	0.28698	47.2904
186	3	0.24573	47.8451
187	3	0.1627	47.8548
188	3	0.08329	49.6659
189	3	0.05234	50.0221
190	3	0.41378	39.8226
191	3	0.39981	40.12
192	3	0.37768	41.6283
193	3	0.34112	43.302
194	3	0.30987	44.9105
195	3	0.28571	46.8993
196	3	0.24207	47.881
197	3	0.16049	48.2095
198	3	0.08239	48.9186
199	3	0.0515	50.6167
200	3	0.0489	49.2389
201	3	0.37519	40.7497
202	3	0.34094	42.3501
203	3	0.30851	44.6455
204	3	0.28416	46.4633
205	3	0.24326	47.2552
206	3	0.16313	48.6239
207	3	0.08095	48.3951
208	3	0.05046	49.4638
209	3	0.04755	49.5641
210	3	0.30771	44.5036
211	3	0.28354	46.9941
212	3	0.24075	47.3185
213	3	0.15932	47.625
214	3	0.07952	47.9473
215	3	0.0502	47.256
216	3	0.04756	48.1081
217	3	0.04503	47.9454
218	3	0.24308	46.8634
219	3	0.16048	47.6432
220	3	0.07958	48.9019
221	3	0.05035	48.5474
222	3	0.04557	48.5034
223	3	0.04467	47.6627
224	3	0.08122	46.295
225	3	0.05083	48.8476
226	3	0.04463	46.3205
227	3	0.04404	48.0565
228	3	0.04481	47.3979
229	3	0.04453	50.2313
230	3	0.04428	49.8884
231	3	0.0434	49.0401
232	3	0.0435	48.7381
233	3	0.04333	47.2533
234	4	0.53825	32.5512
235	4	0.5335	34.1523
236	4	0.52783	33.3859
237	4	0.52166	33.2621
238	4	0.52177	32.7859
239	4	0.51622	32.4773
240	4	0.51225	32.3069
241	4	0.50936	32.019
242	4	0.49861	31.8806
243	4	0.49444	31.197
244	4	0.48755	31.7057
245	4	0.48013	31.3005
246	4	0.4692	31.2265
247	4	0.46179	31.0049
248	4	0.4519	30.9876
249	4	0.44373	31.1097
250	4	0.43023	30.8045
251	4	0.41573	31.2189
252	4	0.39996	30.7326
253	4	0.37579	31.1258
254	4	0.34477	31.2711
255	4	0.3361	31.8968
256	4	0.37326	32.157
257	4	0.40048	32.2685
258	4	0.53117	34.8497
259	4	0.52473	34.3567
260	4	0.52116	34.2242
261	4	0.51584	33.8929
262	4	0.5099	33.7859
263	4	0.50564	32.862
264	4	0.49958	32.7338
265	4	0.49283	32.9044
266	4	0.48426	32.4663
267	4	0.47756	32.4206
268	4	0.47134	32.1161
269	4	0.46377	31.9028
270	4	0.45377	31.9014
271	4	0.44443	31.5477
272	4	0.43179	31.7014
273	4	0.41347	32.0575
274	4	0.39816	31.6839
275	4	0.37808	31.9869
276	4	0.34555	32.2808
277	4	0.31554	32.9982
278	4	0.31597	33.5732
279	4	0.34051	33.02
280	4	0.52121	34.2647
281	4	0.51303	34.2434
282	4	0.51114	33.7472
283	4	0.50181	33.3834
284	4	0.49871	33.2191
285	4	0.49703	32.9296
286	4	0.48476	32.5529
287	4	0.47728	32.3362
288	4	0.47359	32.1083
289	4	0.46311	31.9951
290	4	0.45238	32.0819
291	4	0.44216	31.4755
292	4	0.43014	31.7908
293	4	0.41525	32.0927
294	4	0.39883	31.6473
295	4	0.37745	32.0269
296	4	0.34498	32.5154
297	4	0.31222	33.3716
298	4	0.28892	33.9924
299	4	0.27914	33.952
300	4	0.271	33.6234
301	4	0.50843	33.6634
302	4	0.50472	33.5468
303	4	0.50124	33.1931
304	4	0.49243	32.7
305	4	0.48544	32.3739
306	4	0.4781	32.383
307	4	0.47243	31.8466
308	4	0.46069	31.8649
309	4	0.45791	31.5006
310	4	0.44692	31.3812
311	4	0.4306	31.8589
312	4	0.41627	31.6148
313	4	0.40036	31.782
314	4	0.37895	31.765
315	4	0.34473	32.2245
316	4	0.31137	32.795
317	4	0.28845	33.9692
318	4	0.25036	33.5989
319	4	0.20099	34.2144
320	4	0.50136	33.0882
321	4	0.49527	32.7786
322	4	0.4856	32.2237
323	4	0.47922	32.0736
324	4	0.47128	32.093
325	4	0.46217	31.863
326	4	0.45264	31.5122
327	4	0.44256	31.321
328	4	0.43071	31.6378
329	4	0.41669	31.6266
330	4	0.39916	31.5691
331	4	0.37705	31.7686
332	4	0.34447	32.0705
333	4	0.30874	33.0222
334	4	0.28689	33.183
335	4	0.24823	34.557
336	4	0.1732	33.8149
337	4	0.12282	33.9875
338	4	0.48842	32.544
339	4	0.47883	32.1966
340	4	0.47155	31.7043
341	4	0.46439	31.2257
342	4	0.45461	31.3988
343	4	0.4414	31.3186
344	4	0.42997	31.4588
345	4	0.41195	31.1336
346	4	0.3973	31.5381
347	4	0.38059	31.2352
348	4	0.34233	31.6732
349	4	0.30881	32.7771
350	4	0.28726	33.2472
351	4	0.24681	33.8032
352	4	0.16706	33.7378
353	4	0.09056	33.2167
354	4	0.47236	31.7448
355	4	0.46383	31.8815
356	4	0.45271	31.2084
357	4	0.44271	31.2662
358	4	0.43317	31.1393
359	4	0.41529	31.3637
360	4	0.39826	31.3863
361	4	0.37668	31.3715
362	4	0.3424	31.3748
363	4	0.31137	32.4324
364	4	0.28492	33.2304
365	4	0.24718	33.4782
366	4	0.1655	33.6147
367	4	0.0863	32.9362
368	4	0.05844	35.7017
369	4	0.4529	31.3682
370	4	0.44505	31.5773
371	4	0.43027	31.0068
372	4	0.41753	31.1924
373	4	0.39857	31.3129
374	4	0.3767	31.4532
375	4	0.34488	32.1837
376	4	0.30872	32.2561
377	4	0.28435	33.378
378	4	0.24423	33.4939
379	4	0.16624	33.8385
380	4	0.08426	33.6462
381	4	0.05337	34.8986
382	4	0.43001	31.1553
383	4	0.41536	31.2569
384	4	0.39875	31.3851
385	4	0.37741	31.2401
386	4	0.34535	31.1884
387	4	0.3091	32.3322
388	4	0.28482	33.0726
389	4	0.24601	33.3522
390	4	0.16615	33.7109
391	4	0.08267	33.915
392	4	0.05111	34.6322
393	4	0.04612	35.2649
394	4	0.40141	30.9265
395	4	0.37721	31.3542
396	4	0.34453	31.4963
397	4	0.30965	32.3583
398	4	0.28433	33.0487
399	4	0.24485	32.9595
400	4	0.16288	32.2983
401	4	0.08164	33.7489
402	4	0.05064	36.1199
403	4	0.04442	34.7988
404	4	0.34288	31.9135
405	4	0.30752	32.3769
406	4	0.28412	33.1578
407	4	0.24289	33.1792
408	4	0.16283	32.9396
409	4	0.08066	33.4375
410	4	0.05001	33.9626
411	4	0.04449	34.4259
412	4	0.04495	35.3177
413	4	0.28376	33.1578
414	4	0.24414	32.8528
415	4	0.16378	33.3091
416	4	0.08185	33.0326
417	4	0.04984	34.801
418	4	0.04362	35.2266
419	4	0.04345	36.8556
420	4	0.16343	33.4552
421	4	0.08178	34.025
422	4	0.04944	34.7608
423	4	0.04386	35.1958
424	4	0.04328	36.5895
425	4	0.04326	34.8206
426	4	0.04817	35.4287
427	4	0.04296	34.4671
428	4	0.04182	33.8145
429	4	0.04122	36.162
430	4	0.04107	34.9057
431	4	0.04242	33.6773
432	4	0.04089	35.3213
433	4	0.04184	34.9793
434	4	0.52266	35.6076
435	4	0.52135	35.8736
436	4	0.51681	35.4169
437	4	0.51084	34.6946
438	4	0.50081	34.3999
439	4	0.49844	34.2731
440	4	0.49381	34.1965
441	4	0.48412	33.4684
442	4	0.47939	33.4156
443	4	0.47254	33.0128
444	4	0.46161	32.8561
445	4	0.45393	32.6712
446	4	0.44405	32.5438
447	4	0.42979	32.9731
448	4	0.41534	32.5621
449	4	0.39815	32.8149
450	4	0.37647	32.7474
451	4	0.34327	33.2366
452	4	0.31138	34.8185
453	4	0.28892	34.7698
454	4	0.27923	35.0746
455	4	0.27231	33.9921
456	4	0.51719	35.7981
457	4	0.51303	35.3253
458	4	0.50495	35.2283
459	4	0.49973	34.4649
460	4	0.49489	34.32
461	4	0.48771	34.0373
462	4	0.48238	33.3301
463	4	0.47233	33.6143
464	4	0.46252	32.781
465	4	0.45295	33.0062
466	4	0.44432	32.6433
467	4	0.431	32.7697
468	4	0.41779	32.8524
469	4	0.40034	33.0914
470	4	0.37636	32.5276
471	4	0.3472	33.0907
472	4	0.30928	34.4186
473	4	0.28647	35.0895
474	4	0.25506	35.8071
475	4	0.20508	35.0251
476	4	0.50562	34.8382
477	4	0.50017	34.2663
478	4	0.49319	34.2022
479	4	0.48633	33.4348
480	4	0.4788	33.4126
481	4	0.47183	33.1162
482	4	0.46371	32.8402
483	4	0.45502	32.692
484	4	0.44537	32.5247
485	4	0.43262	32.1953
486	4	0.4186	32.8262
487	4	0.39522	32.6916
488	4	0.37695	32.775
489	4	0.34254	33.0189
490	4	0.31045	34.0561
491	4	0.28593	34.9777
492	4	0.24907	34.6508
493	4	0.17519	34.5806
494	4	0.12886	34.4903
495	4	0.49704	33.9751
496	4	0.4882	33.6661
497	4	0.48203	33.2478
498	4	0.47187	33.2379
499	4	0.46282	32.838
500	4	0.45532	32.2643
501	4	0.44558	32.5349
502	4	0.43131	32.0892
503	4	0.41498	32.3712
504	4	0.39969	32.2629
505	4	0.37662	32.715
506	4	0.34418	33.1041
507	4	0.30907	34.0214
508	4	0.28335	34.4177
509	4	0.24687	34.8095
510	4	0.16918	35.1517
511	4	0.09802	34.651
512	4	0.48195	33.3604
513	4	0.47143	32.9205
514	4	0.46339	32.4541
515	4	0.45353	32.2878
516	4	0.44333	32.453
517	4	0.42978	32.237
518	4	0.41737	32.1975
519	4	0.39794	32.2246
520	4	0.37888	32.4235
521	4	0.34156	33.1075
522	4	0.31162	33.8298
523	4	0.28449	35.102
524	4	0.24387	34.4687
525	4	0.16724	34.7701
526	4	0.09053	36.3008
527	4	0.06472	35.3202
528	4	0.46265	32.7435
529	4	0.45661	32.3008
530	4	0.44486	31.997
531	4	0.42979	32.2088
532	4	0.41715	32.1929
533	4	0.40041	32.0733
534	4	0.38212	31.9602
535	4	0.34341	32.473
536	4	0.30867	33.6585
537	4	0.2808	34.3083
538	4	0.24572	34.2859
539	4	0.1681	34.3897
540	4	0.08637	35.618
541	4	0.05606	36.4513
542	4	0.44416	32.1732
543	4	0.42998	31.8049
544	4	0.41742	32.2401
545	4	0.39958	31.8484
546	4	0.37606	32.1521
547	4	0.34424	32.525
548	4	0.31021	33.3526
549	4	0.28202	33.9911
550	4	0.24658	34.4735
551	4	0.16655	33.4485
552	4	0.08572	34.4155
553	4	0.05398	37.7482
554	4	0.0473	36.2799
555	4	0.41677	31.8227
556	4	0.3986	32.0726
557	4	0.38015	32.1326
558	4	0.34303	32.3311
559	4	0.30807	33.6764
560	4	0.28569	34.5672
561	4	0.24413	34.9098
562	4	0.16537	33.8443
563	4	0.08455	34.2742
564	4	0.05127	36.9328
565	4	0.04574	36.6737
566	4	0.37748	32.3105
567	4	0.34424	32.7704
568	4	0.30797	33.1452
569	4	0.28458	34.4635
570	4	0.24697	34.1812
571	4	0.16506	35.2694
572	4	0.0855	34.4182
573	4	0.05249	36.286
574	4	0.04518	36.2604
575	4	0.04431	36.1614
576	4	0.31016	33.4793
577	4	0.28375	34.3757
578	4	0.24339	34.4543
579	4	0.1643	34.6468
580	4	0.08578	34.5452
581	4	0.05221	36.3294
582	4	0.04552	35.7302
583	4	0.04331	36.7759
584	4	0.24448	34.0963
585	4	0.16345	34.996
586	4	0.08487	35.1248
587	4	0.05183	35.5244
588	4	0.0422	35.5274
589	4	0.04198	36.4834
590	4	0.0407	37.0478
591	4	0.08517	34.6778
592	4	0.05246	37.2582
593	4	0.04242	35.8284
594	4	0.04154	37.2128
595	4	0.0409	37.6638
596	4	0.0452	36.9594
597	4	0.04273	35.7157
598	4	0.04082	35.8975
599	4	0.04091	37.1117
600	4	0.0409	36.5274
601	4	0.04	35.1035
602	4	0.04004	35.3043
603	4	0.51238	35.9557
604	4	0.50499	35.0409
605	4	0.50033	34.5119
606	4	0.49172	34.1934
607	4	0.4883	34.0974
608	4	0.47904	33.7759
609	4	0.47133	33.4718
610	4	0.46258	32.988
611	4	0.45343	33.4203
612	4	0.44114	32.8802
613	4	0.42947	33.0043
614	4	0.41688	32.9226
615	4	0.40287	33.0195
616	4	0.37941	33.088
617	4	0.34562	33.654
618	4	0.31129	34.7904
619	4	0.28402	35.3079
620	4	0.24914	35.474
621	4	0.1776	35.0177
622	4	0.12925	35.7273
623	4	0.50157	34.5819
624	4	0.49194	34.1474
625	4	0.48668	34.0191
626	4	0.47954	33.79
627	4	0.47478	33.0135
628	4	0.45765	33.1948
629	4	0.45261	32.7314
630	4	0.44214	32.7305
631	4	0.43171	32.6419
632	4	0.41599	32.4904
633	4	0.39763	32.6369
634	4	0.37987	32.7715
635	4	0.34557	33.2925
636	4	0.31116	34.5896
637	4	0.28389	35.179
638	4	0.24826	35.328
639	4	0.16975	34.4262
640	4	0.10045	35.2147
641	4	0.48671	33.9593
642	4	0.47899	33.5121
643	4	0.47226	32.8421
644	4	0.46446	32.8766
645	4	0.45482	32.8292
646	4	0.44351	32.5011
647	4	0.43162	32.6023
648	4	0.4158	32.5141
649	4	0.39916	32.3329
650	4	0.37905	32.7655
651	4	0.34248	33.4114
652	4	0.31005	33.6616
653	4	0.28431	34.9939
654	4	0.24445	34.9974
655	4	0.16775	34.6289
656	4	0.09318	35.0185
657	4	0.06922	39.1057
658	4	0.47302	33.479
659	4	0.46094	33.1458
660	4	0.45524	32.7422
661	4	0.44609	32.4603
662	4	0.43123	32.305
663	4	0.41254	32.2846
664	4	0.40148	32.378
665	4	0.37763	32.5248
666	4	0.34297	32.857
667	4	0.31117	33.6189
668	4	0.28319	34.2022
669	4	0.24476	35.0121
670	4	0.16797	34.7549
671	4	0.0878	35.0308
672	4	0.0608	38.4556
673	4	0.45413	33.0176
674	4	0.44538	32.2738
675	4	0.42946	31.8526
676	4	0.41399	32.1779
677	4	0.40337	31.9121
678	4	0.37839	32.6131
679	4	0.34438	32.8911
680	4	0.31185	33.4752
681	4	0.28324	34.5681
682	4	0.24522	34.8106
683	4	0.16477	35.2963
684	4	0.08717	35.098
685	4	0.05725	36.8444
686	4	0.05344	36.7903
687	4	0.43123	32.4308
688	4	0.41407	31.9798
689	4	0.39835	32.2081
690	4	0.37892	31.809
691	4	0.34485	32.3952
692	4	0.30913	33.6772
693	4	0.28238	34.4407
694	4	0.24575	34.8964
695	4	0.16646	35.2524
696	4	0.08637	35.7421
697	4	0.05484	36.845
698	4	0.04949	36.9132
699	4	0.39992	31.7245
700	4	0.37798	31.985
701	4	0.34448	32.8773
702	4	0.30826	33.2049
703	4	0.28312	34.5996
704	4	0.24361	34.2678
705	4	0.16621	35.0817
706	4	0.08567	35.5827
707	4	0.05578	37.6155
708	4	0.04577	38.0381
709	4	0.04512	36.5839
710	4	0.34796	33.106
711	4	0.31121	33.3348
712	4	0.28361	34.3119
713	4	0.245	34.2537
714	4	0.16584	34.7078
715	4	0.08572	34.1965
716	4	0.05341	36.7914
717	4	0.04558	36.163
718	4	0.04324	38.5105
719	4	0.28443	34.2552
720	4	0.24399	34.0481
721	4	0.16466	34.3926
722	4	0.08594	35.172
723	4	0.05344	37.502
724	4	0.04634	36.2766
725	4	0.04242	37.9585
726	4	0.04181	37.4195
727	4	0.16349	34.5189
728	4	0.08548	35.02
729	4	0.05223	37.3624
730	4	0.04593	36.2996
731	4	0.04073	36.6342
732	4	0.04045	37.0357
733	4	0.05303	35.7631
734	4	0.04356	36.4533
735	4	0.04232	36.3332
736	4	0.04089	35.7043
737	4	0.04078	37.1567
738	4	0.04147	37.0704
739	4	0.03952	36.3915
740	4	0.0397	37.3531
741	4	0.03983	37.7864
742	4	0.03803	36.1784
743	4	0.49648	34.1087
744	4	0.48655	34.4356
745	4	0.47586	33.419
746	4	0.47178	33.7958
747	4	0.46281	33.215
748	4	0.45539	32.7087
749	4	0.44594	32.9948
750	4	0.42969	32.6523
751	4	0.41499	32.3437
752	4	0.40007	32.7619
753	4	0.37892	32.7352
754	4	0.34495	33.0441
755	4	0.31114	34.2766
756	4	0.28162	34.8679
757	4	0.24499	34.9796
758	4	0.16776	35.8145
759	4	0.09388	36.0139
760	4	0.0723	37.8759
761	4	0.47902	34.1531
762	4	0.47096	33.2036
763	4	0.46248	33.1614
764	4	0.45468	32.4749
765	4	0.44568	32.3534
766	4	0.42863	32.4285
767	4	0.41753	32.3693
768	4	0.39823	32.2346
769	4	0.37855	32.5133
770	4	0.34519	32.8024
771	4	0.30907	33.6261
772	4	0.28554	34.8012
773	4	0.2416	34.8573
774	4	0.16721	35.0337
775	4	0.0897	35.8051
776	4	0.06568	39.4531
777	4	0.46337	32.8546
778	4	0.45262	32.5669
779	4	0.44194	32.3405
780	4	0.43145	32.5284
781	4	0.41713	32.3712
782	4	0.39961	32.2175
783	4	0.38036	32.7315
784	4	0.34603	32.5584
785	4	0.30879	33.6645
786	4	0.28231	34.3346
787	4	0.24196	34.3772
788	4	0.16548	34.674
789	4	0.08864	35.195
790	4	0.05988	37.1043
791	4	0.05847	39.0262
792	4	0.44547	31.8614
793	4	0.43567	32.4431
794	4	0.41561	32.1067
795	4	0.39871	32.2943
796	4	0.37663	32.0342
797	4	0.34518	32.8097
798	4	0.30755	33.6447
799	4	0.28171	34.5598
800	4	0.24348	34.7028
801	4	0.16375	34.2848
802	4	0.08564	35.1951
803	4	0.05722	39.0184
804	4	0.05396	37.1524
805	4	0.41797	32.2226
806	4	0.40071	31.8946
807	4	0.37721	32.6045
808	4	0.34567	32.6455
809	4	0.30904	32.9765
810	4	0.28334	34.2954
811	4	0.24233	33.7967
812	4	0.16574	33.9032
813	4	0.08595	34.4769
814	4	0.05658	38.2898
815	4	0.04929	38.6919
816	4	0.04923	37.1612
817	4	0.37785	32.4999
818	4	0.34669	32.8746
819	4	0.31008	33.5248
820	4	0.28252	34.3989
821	4	0.24345	34.7674
822	4	0.16365	34.5099
823	4	0.08477	33.9882
824	4	0.05305	36.7661
825	4	0.04945	39.4747
826	4	0.04603	38.1427
827	4	0.31063	33.184
828	4	0.28177	33.9661
829	4	0.24215	34.3881
830	4	0.16402	34.2376
831	4	0.08669	35.4631
832	4	0.05432	37.2633
833	4	0.04818	37.4486
834	4	0.04372	39.4577
835	4	0.04167	36.9595
836	4	0.24324	34.4486
837	4	0.16343	34.4853
838	4	0.08463	35.2116
839	4	0.05537	37.177
840	4	0.04669	37.3385
841	4	0.04281	37.921
842	4	0.04051	36.8195
843	4	0.08396	34.4978
844	4	0.05337	38.5328
845	4	0.04716	38.6413
846	4	0.04303	36.2171
847	4	0.03916	37.3852
848	4	0.03908	35.9458
849	4	0.0476	37.7057
850	4	0.04295	38.2396
851	4	0.04054	36.0524
852	4	0.0371	38.0671
853	4	0.03996	35.6745
854	4	0.03755	36.0558
855	4	0.03899	36.8417
856	4	0.0374	35.7314
857	4	0.47168	33.455
858	4	0.46359	33.1535
859	4	0.45399	32.7418
860	4	0.44326	32.2649
861	4	0.43193	32.3069
862	4	0.41705	32.0304
863	4	0.40056	32.0532
864	4	0.375	32.4851
865	4	0.3438	32.9799
866	4	0.31019	33.8628
867	4	0.28259	34.3514
868	4	0.24157	35.2284
869	4	0.16344	34.2401
870	4	0.08793	34.3479
871	4	0.06245	37.2715
872	4	0.06057	39.2359
873	4	0.45449	32.4535
874	4	0.44467	32.2917
875	4	0.43164	32.1271
876	4	0.41762	31.9731
877	4	0.40153	32.1284
878	4	0.37855	32.0178
879	4	0.34458	32.6276
880	4	0.31078	33.4489
881	4	0.28209	33.9311
882	4	0.2436	33.9909
883	4	0.1627	34.5766
884	4	0.08654	34.7423
885	4	0.05759	36.4114
886	4	0.05616	40.1462
887	4	0.4315	31.9726
888	4	0.41828	31.9199
889	4	0.39852	32.0224
890	4	0.37817	31.8268
891	4	0.34449	32.2226
892	4	0.3111	33.2712
893	4	0.28247	34.5918
894	4	0.24327	34.996
895	4	0.16284	33.9856
896	4	0.08469	35.8372
897	4	0.05439	37.4191
898	4	0.05282	39.6111
899	4	0.05421	39.9961
900	4	0.39892	31.97
901	4	0.3796	32.1334
902	4	0.34345	32.3347
903	4	0.308	33.363
904	4	0.28324	33.9832
905	4	0.24526	33.6207
906	4	0.16188	34.9359
907	4	0.08402	35.3308
908	4	0.05383	34.5978
909	4	0.05086	38.9225
910	4	0.04964	39.5419
911	4	0.34345	32.4728
912	4	0.30989	33.0916
913	4	0.28475	34.6624
914	4	0.24146	34.3913
915	4	0.16216	33.8716
916	4	0.08311	34.7225
917	4	0.05428	39.1694
918	4	0.04857	37.8821
919	4	0.04765	39.3239
920	4	0.04612	38.2252
921	4	0.284	34.057
922	4	0.24183	34.0676
923	4	0.16146	34.21
924	4	0.08401	34.0294
925	4	0.0526	36.6063
926	4	0.04812	38.6701
927	4	0.0465	38.8308
928	4	0.04267	38.1488
929	4	0.16209	34.0292
930	4	0.08239	35.3206
931	4	0.0536	35.631
932	4	0.04787	37.6207
933	4	0.04402	39.2337
934	4	0.04269	38.897
935	4	0.04013	37.569
936	4	0.05354	36.5113
937	4	0.04845	38.7693
938	4	0.0451	37.3001
939	4	0.04179	38.4317
940	4	0.03771	39.4534
941	4	0.04428	39.4435
942	4	0.0414	36.3647
943	4	0.03795	35.3553
944	4	0.03687	38.2738
945	4	0.03874	37.826
946	4	0.03824	37.0344
947	4	0.03755	37.97
948	4	0.44319	32.4059
949	4	0.43033	32.1261
950	4	0.41583	32.0363
951	4	0.39859	31.9316
952	4	0.3785	32.2048
953	4	0.3464	32.2195
954	4	0.30822	33.5403
955	4	0.28412	33.9887
956	4	0.24362	34.1571
957	4	0.16229	34.0639
958	4	0.08358	35.6031
959	4	0.05601	37.7921
960	4	0.05511	39.1135
961	4	0.05459	39.6356
962	4	0.41747	32.3642
963	4	0.40009	31.6246
964	4	0.37821	31.8905
965	4	0.34659	32.1085
966	4	0.30726	33.3016
967	4	0.28138	33.7973
968	4	0.24226	34.04
969	4	0.16134	33.8775
970	4	0.08202	34.0909
971	4	0.05293	35.0731
972	4	0.0505	38.1799
973	4	0.05302	38.5604
974	4	0.37707	32.0568
975	4	0.34362	32.2321
976	4	0.31001	32.5506
977	4	0.28534	33.4081
978	4	0.24152	34.3221
979	4	0.16146	34.0644
980	4	0.08249	34.0663
981	4	0.05244	36.6869
982	4	0.04888	37.3737
983	4	0.04988	38.5955
984	4	0.05052	40.2005
985	4	0.30886	32.9694
986	4	0.28275	33.4199
987	4	0.24257	34.3297
988	4	0.16109	33.6775
989	4	0.08201	34.2582
990	4	0.05204	35.9858
991	4	0.04672	37.8985
992	4	0.04692	37.8229
993	4	0.04643	39.2252
994	4	0.24263	34.4278
995	4	0.1609	34.2006
996	4	0.08064	34.5715
997	4	0.05237	36.4321
998	4	0.04731	36.7419
999	4	0.04512	37.5679
1000	4	0.04418	38.9163
1001	4	0.04365	38.9157
1002	4	0.08084	34.0248
1003	4	0.05358	35.9967
1004	4	0.0467	36.4744
1005	4	0.04554	37.894
1006	4	0.04238	36.5272
1007	4	0.04138	36.5416
1008	4	0.04805	36.7811
1009	4	0.04505	38.2632
1010	4	0.04268	39.2368
1011	4	0.04035	37.8148
1012	4	0.03749	37.9312
1013	4	0.04268	40.1643
1014	4	0.04001	37.7527
1015	4	0.0376	37.7268
1016	4	0.03655	36.407
1017	4	0.03586	36.8866
1018	4	0.39772	31.8522
1019	4	0.38036	31.8354
1020	4	0.34619	32.1627
1021	4	0.3101	32.9631
1022	4	0.28393	33.6255
1023	4	0.24186	33.5602
1024	4	0.16201	33.968
1025	4	0.08005	34.309
1026	4	0.05244	35.4109
1027	4	0.0479	36.7137
1028	4	0.05096	38.4495
1029	4	0.05088	39.1418
1030	4	0.34509	32.3429
1031	4	0.3113	32.9266
1032	4	0.28064	34.0455
1033	4	0.24214	34.0494
1034	4	0.16103	33.6649
1035	4	0.08086	33.2887
1036	4	0.04962	34.9366
1037	4	0.04631	38.2303
1038	4	0.04707	39.4759
1039	4	0.04936	39.7071
1040	4	0.2826	33.3992
1041	4	0.24529	33.3198
1042	4	0.16226	34.538
1043	4	0.08182	34.4194
1044	4	0.05074	36.0646
1045	4	0.04616	35.9088
1046	4	0.04566	37.9886
1047	4	0.04654	39.7333
1048	4	0.04791	40.0738
1049	4	0.16267	33.6438
1050	4	0.08263	33.7646
1051	4	0.04907	36.0146
1052	4	0.04403	36.8823
1053	4	0.0453	37.4592
1054	4	0.04287	38.1144
1055	4	0.04318	39.6103
1056	4	0.04967	34.8509
1057	4	0.04593	37.5952
1058	4	0.04368	40.1015
1059	4	0.04094	36.9958
1060	4	0.04112	36.0104
1061	4	0.04071	39.3703
1062	4	0.04327	37.5172
1063	4	0.04315	36.7106
1064	4	0.04073	38.5367
1065	4	0.03875	38.777
1066	4	0.04076	38.5486
1067	4	0.03809	37.8085
1068	4	0.0373	39.3807
1069	4	0.03642	38.5716
1070	4	0.3089	32.7973
1071	4	0.28045	33.5175
1072	4	0.24391	33.5886
1073	4	0.16388	33.961
1074	4	0.08171	33.4324
1075	4	0.04846	34.0514
1076	4	0.04454	35.6935
1077	4	0.04599	37.3458
1078	4	0.04662	39.3775
1079	4	0.0487	40.1938
1080	4	0.24236	34.1062
1081	4	0.161	33.2208
1082	4	0.082	33.7083
1083	4	0.04828	34.5868
1084	4	0.04381	36.6361
1085	4	0.04178	38.8882
1086	4	0.04543	38.8573
1087	4	0.04733	39.6536
1088	4	0.08084	34.3278
1089	4	0.04892	35.1765
1090	4	0.04392	35.027
1091	4	0.04269	38.579
1092	4	0.0427	40.617
1093	4	0.0444	38.2951
1094	4	0.04579	38.3966
1095	4	0.04466	36.0839
1096	4	0.04262	36.4758
1097	4	0.04113	37.2885
1098	4	0.04166	39.5376
1099	4	0.04227	39.7352
1100	4	0.04235	37.8372
1101	4	0.04181	42.1002
1102	4	0.04059	39.4805
1103	4	0.0405	41.3041
1104	4	0.03983	37.2243
1105	4	0.03602	38.5609
1106	4	0.03641	37.5425
1107	4	0.16264	33.719
1108	4	0.08095	34.4456
1109	4	0.04932	35.534
1110	4	0.04333	36.2109
1111	4	0.04133	36.4936
1112	4	0.04367	36.5883
1113	4	0.04418	39.7548
1114	4	0.04607	38.2156
1115	4	0.04989	35.2883
1116	4	0.04404	36.7217
1117	4	0.04089	35.3767
1118	4	0.04045	38.8295
1119	4	0.04444	40.3661
1120	4	0.04335	40.9041
1121	4	0.04045	37.7195
1122	4	0.03969	37.6336
1123	4	0.03995	39.4314
1124	4	0.04039	37.9445
1125	4	0.04322	41.3857
1126	4	0.03981	37.5208
1127	4	0.03979	40.2273
1128	4	0.03976	41.0817
1129	4	0.03984	38.3613
1130	4	0.0394	39.2899
1131	4	0.04206	36.5147
1132	4	0.04007	35.5868
1133	4	0.03837	37.2283
1134	4	0.04061	38.0704
1135	4	0.04381	38.3811
1136	4	0.04292	40.2257
1137	4	0.03912	37.9726
1138	4	0.03918	38.6385
1139	4	0.04131	39.7827
1140	4	0.0431	42.3354
1141	4	0.03927	39.8396
1142	4	0.04143	40.7644
1143	4	0.04292	41.3448
1144	4	0.04117	40.9631
1145	4	0.0372	37.6391
1146	4	0.03925	37.1637
1147	4	0.04184	40.3938
1148	4	0.04224	40.8826
1149	4	0.04303	40.1667
1150	4	0.04447	41.716
1151	4	0.04485	41.009
1152	4	0.04568	41.1864
1153	4	0.04627	42.6727
1154	5	0.53592	41.6579
1155	5	0.52891	43.1187
1156	5	0.52792	42.8802
1157	5	0.51975	42.066
1158	5	0.51525	41.9492
1159	5	0.51138	41.7242
1160	5	0.50465	40.992
1161	5	0.49985	40.9969
1162	5	0.4918	39.5562
1163	5	0.48726	39.1428
1164	5	0.47576	39.8524
1165	5	0.47698	38.7699
1166	5	0.46189	38.9891
1167	5	0.45425	38.0115
1168	5	0.4438	38.1631
1169	5	0.42886	37.5396
1170	5	0.41938	37.4352
1171	5	0.39881	37.2576
1172	5	0.37735	36.598
1173	5	0.34478	35.9269
1174	5	0.31255	34.8802
1175	5	0.31204	33.3789
1176	5	0.34074	33.2552
1177	5	0.52382	44.8119
1178	5	0.52231	44.516
1179	5	0.51627	44.0044
1180	5	0.51031	42.7006
1181	5	0.50616	42.7451
1182	5	0.49927	41.479
1183	5	0.49069	41.6882
1184	5	0.48798	40.9021
1185	5	0.47849	40.8672
1186	5	0.4697	40.1877
1187	5	0.46413	39.7568
1188	5	0.45375	40.1269
1189	5	0.44411	39.0513
1190	5	0.42918	38.8896
1191	5	0.41555	38.9439
1192	5	0.40104	37.8159
1193	5	0.3794	37.4844
1194	5	0.34415	36.1117
1195	5	0.30809	36.0594
1196	5	0.29121	35.0637
1197	5	0.27896	34.0245
1198	5	0.27666	33.821
1199	5	0.51695	43.7921
1200	5	0.51072	43.3701
1201	5	0.50385	43.4506
1202	5	0.49814	42.0417
1203	5	0.4899	41.0812
1204	5	0.48606	41.1065
1205	5	0.47934	41.2414
1206	5	0.47349	40.6417
1207	5	0.46101	40.1118
1208	5	0.45214	39.2024
1209	5	0.44334	38.8615
1210	5	0.43099	38.6621
1211	5	0.41618	38.436
1212	5	0.39908	38.4921
1213	5	0.37898	37.6104
1214	5	0.34336	36.7075
1215	5	0.31061	35.227
1216	5	0.28618	34.8388
1217	5	0.25271	34.0003
1218	5	0.20265	32.9112
1219	5	0.50738	42.9351
1220	5	0.49696	42.6521
1221	5	0.49311	41.6165
1222	5	0.48622	41.2877
1223	5	0.47928	40.74
1224	5	0.47377	40.6554
1225	5	0.4631	39.9772
1226	5	0.45415	39.739
1227	5	0.44065	39.6706
1228	5	0.43055	38.6491
1229	5	0.41629	38.4162
1230	5	0.40046	37.9155
1231	5	0.37756	37.1775
1232	5	0.34472	36.7556
1233	5	0.3108	35.4027
1234	5	0.28392	34.5232
1235	5	0.24737	34.0342
1236	5	0.17514	33.191
1237	5	0.12574	32.0216
1238	5	0.49107	41.9807
1239	5	0.48991	41.5266
1240	5	0.47852	41.1944
1241	5	0.47239	40.2696
1242	5	0.46011	40.1473
1243	5	0.45421	39.7444
1244	5	0.4452	38.8263
1245	5	0.4326	38.4624
1246	5	0.41841	37.4328
1247	5	0.40178	37.5321
1248	5	0.38011	36.7751
1249	5	0.34426	35.7445
1250	5	0.30935	35.2924
1251	5	0.28181	34.5464
1252	5	0.24738	33.618
1253	5	0.1695	32.7487
1254	5	0.09457	30.8716
1255	5	0.47905	40.965
1256	5	0.47084	39.9718
1257	5	0.46488	39.6345
1258	5	0.45664	39.1036
1259	5	0.44508	39.0262
1260	5	0.42909	38.2071
1261	5	0.41687	38.5191
1262	5	0.40082	37.5978
1263	5	0.37808	37.104
1264	5	0.34525	35.9718
1265	5	0.31053	34.7492
1266	5	0.28314	34.2774
1267	5	0.24529	33.947
1268	5	0.16814	32.8
1269	5	0.08825	30.4763
1270	5	0.05971	30.0922
1271	5	0.46339	39.8922
1272	5	0.45486	38.9026
1273	5	0.44759	38.3567
1274	5	0.42783	37.8223
1275	5	0.41908	37.466
1276	5	0.40033	36.8558
1277	5	0.37636	36.2935
1278	5	0.34555	35.6389
1279	5	0.30959	35.2809
1280	5	0.28384	34.0628
1281	5	0.24885	33.4753
1282	5	0.16581	32.7772
1283	5	0.08874	31.6972
1284	5	0.05269	29.7578
1285	5	0.443	39.2767
1286	5	0.42972	38.0824
1287	5	0.41702	37.3543
1288	5	0.39834	36.868
1289	5	0.37836	37.3217
1290	5	0.34394	35.821
1291	5	0.31068	35.2068
1292	5	0.28129	33.6203
1293	5	0.24629	33.4381
1294	5	0.16684	32.5885
1295	5	0.08532	30.6027
1296	5	0.05255	31.2874
1297	5	0.04651	30.8138
1298	5	0.41522	37.1474
1299	5	0.39859	36.9054
1300	5	0.37831	37.2248
1301	5	0.34354	35.8017
1302	5	0.30992	34.728
1303	5	0.28171	33.7233
1304	5	0.24829	33.137
1305	5	0.16608	32.7757
1306	5	0.0843	30.4626
1307	5	0.05131	30.4895
1308	5	0.04437	30.3008
1309	5	0.3804	36.092
1310	5	0.34568	34.9017
1311	5	0.30865	34.5443
1312	5	0.2829	34.3838
1313	5	0.24476	33.35
1314	5	0.1661	32.399
1315	5	0.08384	30.6821
1316	5	0.04979	31.3572
1317	5	0.04412	29.9858
1318	5	0.04285	31.008
1319	5	0.30856	34.225
1320	5	0.2838	33.9252
1321	5	0.24328	33.391
1322	5	0.16651	31.8482
1323	5	0.08171	30.6076
1324	5	0.05074	28.9287
1325	5	0.043	30.3781
1326	5	0.04244	29.8477
1327	5	0.24302	32.9592
1328	5	0.16661	31.8044
1329	5	0.08306	30.714
1330	5	0.04828	30.6163
1331	5	0.04329	30.9306
1332	5	0.04165	28.7715
1333	5	0.04264	31.7207
1334	5	0.08305	30.5427
1335	5	0.04928	30.9042
1336	5	0.04354	30.4176
1337	5	0.04282	31.4074
1338	5	0.04062	30.9848
1339	5	0.04258	30.1051
1340	5	0.04139	30.957
1341	5	0.04202	29.7406
1342	5	0.04063	30.6586
1343	5	0.04035	30.1477
1344	5	0.04069	29.9683
1345	5	0.04039	30.004
1346	5	0.52204	45.2435
1347	5	0.51509	45.462
1348	5	0.51176	44.7116
1349	5	0.50716	44.2968
1350	5	0.50259	43.4714
1351	5	0.49193	42.8689
1352	5	0.4879	42.4939
1353	5	0.47885	42.8153
1354	5	0.46955	41.9129
1355	5	0.46364	41.4187
1356	5	0.45432	40.9496
1357	5	0.44291	40.5898
1358	5	0.43276	40.1703
1359	5	0.41565	39.4861
1360	5	0.39873	39.19
1361	5	0.37603	38.9966
1362	5	0.34545	37.1415
1363	5	0.31161	37.0481
1364	5	0.28521	36.1402
1365	5	0.25318	34.726
1366	5	0.2071	33.6863
1367	5	0.51061	44.8991
1368	5	0.50799	44.0084
1369	5	0.50013	43.9711
1370	5	0.49231	43.7014
1371	5	0.48754	42.4622
1372	5	0.47939	41.6435
1373	5	0.47314	41.6241
1374	5	0.46572	40.982
1375	5	0.45431	40.8185
1376	5	0.44625	40.3639
1377	5	0.43108	39.9254
1378	5	0.41286	39.0531
1379	5	0.40176	38.9384
1380	5	0.37856	38.9727
1381	5	0.34609	37.5153
1382	5	0.31053	37.4166
1383	5	0.28449	35.7929
1384	5	0.24566	34.9635
1385	5	0.17917	32.9177
1386	5	0.13223	31.9372
1387	5	0.50079	43.8543
1388	5	0.49506	43.3518
1389	5	0.48975	42.9029
1390	5	0.47733	42.3639
1391	5	0.46948	41.3349
1392	5	0.46408	41.503
1393	5	0.45247	40.001
1394	5	0.44437	40.7746
1395	5	0.43234	39.8967
1396	5	0.41586	39.5823
1397	5	0.39949	38.8202
1398	5	0.37798	38.3561
1399	5	0.34541	37.106
1400	5	0.31321	36.3657
1401	5	0.28441	36.1201
1402	5	0.2461	35.2672
1403	5	0.17188	33.5024
1404	5	0.1015	31.7682
1405	5	0.4859	43.052
1406	5	0.48045	42.6607
1407	5	0.47331	41.7912
1408	5	0.46122	41.6082
1409	5	0.45329	40.7174
1410	5	0.44475	39.8739
1411	5	0.43137	39.9813
1412	5	0.41633	39.0533
1413	5	0.39881	38.4595
1414	5	0.37856	38.2633
1415	5	0.34875	37.4337
1416	5	0.31332	36.9527
1417	5	0.28465	35.321
1418	5	0.24728	35.4065
1419	5	0.1688	33.8225
1420	5	0.08982	31.494
1421	5	0.06414	31.6157
1422	5	0.47164	41.7438
1423	5	0.46253	41.4083
1424	5	0.45363	40.3212
1425	5	0.44446	40.2191
1426	5	0.4305	39.2956
1427	5	0.41537	39.546
1428	5	0.39871	38.8259
1429	5	0.37914	38.0463
1430	5	0.344	36.7245
1431	5	0.3104	36.0957
1432	5	0.28371	35.838
1433	5	0.24773	35.2736
1434	5	0.16865	32.8152
1435	5	0.08933	32.1129
1436	5	0.05651	30.6912
1437	5	0.45033	40.0943
1438	5	0.44264	39.9705
1439	5	0.43064	39.748
1440	5	0.41647	38.6069
1441	5	0.39966	38.0818
1442	5	0.38157	37.7996
1443	5	0.34551	36.5685
1444	5	0.30949	36.1758
1445	5	0.28399	35.2661
1446	5	0.24532	34.7683
1447	5	0.16783	33.3784
1448	5	0.08843	31.6252
1449	5	0.05549	31.5907
1450	5	0.04707	31.0241
1451	5	0.43078	39.517
1452	5	0.41827	38.647
1453	5	0.40005	38.6404
1454	5	0.38144	37.47
1455	5	0.34571	37.1542
1456	5	0.31077	36.1169
1457	5	0.28345	35.4753
1458	5	0.24733	34.7951
1459	5	0.16896	33.2701
1460	5	0.08715	32.0707
1461	5	0.0543	29.9446
1462	5	0.04634	31.0631
1463	5	0.40087	38.1803
1464	5	0.37855	36.893
1465	5	0.34414	36.2964
1466	5	0.31138	35.3588
1467	5	0.28267	34.6909
1468	5	0.24303	34.5217
1469	5	0.16688	33.1743
1470	5	0.08685	31.1273
1471	5	0.0526	30.6076
1472	5	0.04307	30.6592
1473	5	0.04282	31.0453
1474	5	0.3469	36.2953
1475	5	0.31064	35.7822
1476	5	0.28402	34.6918
1477	5	0.24673	34.9009
1478	5	0.16771	32.2837
1479	5	0.08704	30.7512
1480	5	0.05253	30.8513
1481	5	0.0439	31.7852
1482	5	0.04234	31.4953
1483	5	0.28213	35.1362
1484	5	0.24475	34.538
1485	5	0.16742	32.9297
1486	5	0.08646	31.7118
1487	5	0.05049	30.0824
1488	5	0.04337	30.6176
1489	5	0.03951	31.496
1490	5	0.04133	32.2151
1491	5	0.16586	33.6703
1492	5	0.08477	31.2192
1493	5	0.0518	30.1335
1494	5	0.04343	31.4953
1495	5	0.0411	31.6574
1496	5	0.04118	30.6659
1497	5	0.05108	30.9893
1498	5	0.04216	31.5368
1499	5	0.04013	31.5598
1500	5	0.0403	30.3947
1501	5	0.03935	30.9946
1502	5	0.04091	32.0469
1503	5	0.03951	31.3745
1504	5	0.03862	31.3821
1505	5	0.03933	31.1034
1506	5	0.04	31.4393
1507	5	0.50484	44.6307
1508	5	0.50197	43.8942
1509	5	0.49387	43.9127
1510	5	0.48653	42.9421
1511	5	0.47837	41.9919
1512	5	0.47111	42.0875
1513	5	0.46453	41.3584
1514	5	0.45451	41.0068
1515	5	0.44294	40.5776
1516	5	0.4292	40.2974
1517	5	0.41988	39.6452
1518	5	0.40004	38.9904
1519	5	0.38168	38.8175
1520	5	0.34626	37.0744
1521	5	0.30992	36.6947
1522	5	0.28301	36.441
1523	5	0.24557	35.2448
1524	5	0.17148	33.2352
1525	5	0.10265	31.826
1526	5	0.49288	43.7962
1527	5	0.48805	42.6933
1528	5	0.47892	43.2836
1529	5	0.47321	42.1477
1530	5	0.46394	41.9894
1531	5	0.45724	40.9047
1532	5	0.44461	40.1493
1533	5	0.43416	39.9333
1534	5	0.41688	39.3907
1535	5	0.39919	39.003
1536	5	0.37782	38.1815
1537	5	0.34455	37.5906
1538	5	0.31066	36.5569
1539	5	0.2818	36.4349
1540	5	0.24616	35.3285
1541	5	0.16802	33.5505
1542	5	0.09532	31.2828
1543	5	0.06921	31.8145
1544	5	0.47923	42.6274
1545	5	0.47199	41.887
1546	5	0.46484	41.6534
1547	5	0.45469	41.2332
1548	5	0.44441	40.3317
1549	5	0.4314	40.3756
1550	5	0.41573	39.5755
1551	5	0.39996	39.0712
1552	5	0.37975	37.5808
1553	5	0.34496	36.7668
1554	5	0.31103	36.8424
1555	5	0.2842	36.069
1556	5	0.24209	35.1471
1557	5	0.16805	32.9852
1558	5	0.08941	31.7899
1559	5	0.06122	31.5303
1560	5	0.46295	41.3932
1561	5	0.45528	41.4191
1562	5	0.4459	39.9077
1563	5	0.43142	39.6425
1564	5	0.41774	39.3646
1565	5	0.40075	38.583
1566	5	0.37874	37.6088
1567	5	0.34561	37.3127
1568	5	0.3107	36.5776
1569	5	0.28414	35.3015
1570	5	0.24333	35.2662
1571	5	0.16786	33.3644
1572	5	0.08985	31.2346
1573	5	0.05752	30.3063
1574	5	0.05208	31.3546
1575	5	0.44347	39.9424
1576	5	0.43596	39.5857
1577	5	0.4185	38.9798
1578	5	0.40337	38.6366
1579	5	0.37984	37.327
1580	5	0.34636	36.9252
1581	5	0.31089	35.9414
1582	5	0.2834	35.3013
1583	5	0.24421	35.4191
1584	5	0.16646	34.0121
1585	5	0.0884	31.589
1586	5	0.05673	31.5881
1587	5	0.04798	31.8122
1588	5	0.41874	38.8099
1589	5	0.40049	38.2082
1590	5	0.37958	38.8261
1591	5	0.34203	36.3919
1592	5	0.31054	36.0191
1593	5	0.28203	34.7872
1594	5	0.24438	34.5212
1595	5	0.16593	33.0356
1596	5	0.08767	31.708
1597	5	0.05547	30.5881
1598	5	0.04557	30.5857
1599	5	0.04465	31.1335
1600	5	0.37851	37.6121
1601	5	0.34352	36.6235
1602	5	0.31034	36.0179
1603	5	0.28533	35.5618
1604	5	0.24602	34.4059
1605	5	0.16687	32.688
1606	5	0.08766	31.7478
1607	5	0.05431	31.416
1608	5	0.04539	32.3998
1609	5	0.04309	31.6594
1610	5	0.31089	34.8687
1611	5	0.28422	34.4053
1612	5	0.24666	34.3004
1613	5	0.16514	33.3248
1614	5	0.08756	32.03
1615	5	0.05453	30.94
1616	5	0.04591	32.0899
1617	5	0.04031	30.5566
1618	5	0.03985	31.0847
1619	5	0.24436	34.2661
1620	5	0.16542	33.6596
1621	5	0.08714	31.3077
1622	5	0.05322	31.4472
1623	5	0.04544	30.9957
1624	5	0.0399	30.6679
1625	5	0.03779	30.8243
1626	5	0.08756	31.1509
1627	5	0.05336	30.739
1628	5	0.04496	31.9092
1629	5	0.04056	32.1349
1630	5	0.03771	31.1847
1631	5	0.03858	31.6067
1632	5	0.04533	30.166
1633	5	0.0391	31.4871
1634	5	0.03873	31.7958
1635	5	0.037	30.7631
1636	5	0.03902	31.1842
1637	5	0.03808	31.0255
1638	5	0.03713	31.7151
1639	5	0.03669	31.2846
1640	5	0.48524	42.768
1641	5	0.48289	42.0866
1642	5	0.47007	42.2132
1643	5	0.4644	41.8306
1644	5	0.45646	40.6557
1645	5	0.44543	40.4671
1646	5	0.43163	40.0595
1647	5	0.41603	39.5983
1648	5	0.39969	38.8898
1649	5	0.37998	37.5457
1650	5	0.34861	37.691
1651	5	0.30982	36.5407
1652	5	0.28149	36.2886
1653	5	0.24476	34.9691
1654	5	0.1654	33.5837
1655	5	0.09137	32.0234
1656	5	0.06373	31.7659
1657	5	0.47158	42.4524
1658	5	0.46499	41.9362
1659	5	0.45474	40.3708
1660	5	0.445	40.0631
1661	5	0.43337	40.1071
1662	5	0.41898	39.1302
1663	5	0.39838	39.2413
1664	5	0.37855	37.8618
1665	5	0.34663	37.3832
1666	5	0.31128	36.4603
1667	5	0.28348	35.8048
1668	5	0.24328	35.1226
1669	5	0.16428	33.8311
1670	5	0.08773	30.7711
1671	5	0.05826	31.1284
1672	5	0.0577	31.8754
1673	5	0.45646	41.1809
1674	5	0.44319	40.6688
1675	5	0.43095	40.0085
1676	5	0.41352	39.3225
1677	5	0.39772	37.9842
1678	5	0.38051	37.536
1679	5	0.3465	36.8202
1680	5	0.31139	35.9954
1681	5	0.28513	35.293
1682	5	0.24304	34.9826
1683	5	0.16674	33.3998
1684	5	0.08774	31.3549
1685	5	0.05652	30.1821
1686	5	0.05163	30.7489
1687	5	0.43133	39.2273
1688	5	0.41768	38.9957
1689	5	0.40323	38.3378
1690	5	0.37948	38.117
1691	5	0.34698	36.679
1692	5	0.31132	35.58
1693	5	0.28333	35.2064
1694	5	0.24475	34.8318
1695	5	0.16315	33.8687
1696	5	0.08605	31.4071
1697	5	0.05492	30.7374
1698	5	0.04867	31.009
1699	5	0.04832	30.5093
1700	5	0.40201	37.8444
1701	5	0.38175	37.8292
1702	5	0.34659	36.7795
1703	5	0.31172	36.3581
1704	5	0.28295	35.2598
1705	5	0.2434	34.4539
1706	5	0.16391	33.2362
1707	5	0.0856	30.8792
1708	5	0.05314	30.8776
1709	5	0.04838	31.0125
1710	5	0.04399	30.1826
1711	5	0.34678	36.7154
1712	5	0.30819	35.5262
1713	5	0.28154	36.0053
1714	5	0.24273	34.628
1715	5	0.16792	33.5764
1716	5	0.08666	31.4023
1717	5	0.05501	30.6729
1718	5	0.04698	31.5565
1719	5	0.04235	31.0287
1720	5	0.04094	30.3751
1721	5	0.2858	35.4406
1722	5	0.24287	33.5773
1723	5	0.16498	32.8032
1724	5	0.08645	31.0181
1725	5	0.05382	30.5959
1726	5	0.04587	30.6779
1727	5	0.04227	30.8854
1728	5	0.03947	30.7197
1729	5	0.16468	33.1472
1730	5	0.08585	32.3141
1731	5	0.05378	31.3138
1732	5	0.04667	31.3356
1733	5	0.04296	31.0686
1734	5	0.03924	30.6027
1735	5	0.03726	32.3993
1736	5	0.05436	30.5926
1737	5	0.04644	29.8008
1738	5	0.04196	30.5237
1739	5	0.03965	30.6503
1740	5	0.03787	31.1014
1741	5	0.04264	31.307
1742	5	0.04002	30.3607
1743	5	0.03714	30.5289
1744	5	0.03786	31.6529
1745	5	0.03764	31.9311
1746	5	0.03632	31.3803
1747	5	0.03743	30.7955
1748	5	0.4643	41.7351
1749	5	0.45502	41.0932
1750	5	0.44294	40.2918
1751	5	0.43366	39.8229
1752	5	0.4198	39.0259
1753	5	0.40301	38.5594
1754	5	0.38045	37.9856
1755	5	0.34582	36.8461
1756	5	0.31047	36.2842
1757	5	0.28122	35.3208
1758	5	0.24383	34.8901
1759	5	0.16536	33.5585
1760	5	0.08583	31.6083
1761	5	0.05681	31.5134
1762	5	0.05393	31.5779
1763	5	0.44342	40.8108
1764	5	0.43132	39.0844
1765	5	0.41647	39.1993
1766	5	0.39773	38.5901
1767	5	0.38133	37.7644
1768	5	0.34609	37.0891
1769	5	0.31279	35.7449
1770	5	0.28512	35.2856
1771	5	0.24612	34.4503
1772	5	0.16274	33.4487
1773	5	0.08444	31.6061
1774	5	0.05463	31.8999
1775	5	0.05005	31.1802
1776	5	0.05258	30.5287
1777	5	0.41732	38.9519
1778	5	0.39945	37.9433
1779	5	0.38026	37.4746
1780	5	0.34885	36.7429
1781	5	0.31197	36.0659
1782	5	0.28301	35.5042
1783	5	0.24278	34.5292
1784	5	0.1657	33.6659
1785	5	0.0834	31.1289
1786	5	0.05263	31.4946
1787	5	0.04783	31.5989
1788	5	0.04899	30.1133
1789	5	0.37949	37.5627
1790	5	0.3454	36.3665
1791	5	0.31094	35.82
1792	5	0.28285	34.8257
1793	5	0.24565	34.2253
1794	5	0.16385	33.0405
1795	5	0.08487	31.1257
1796	5	0.05247	30.9819
1797	5	0.04645	30.6867
1798	5	0.04504	31.4102
1799	5	0.04475	30.9605
1800	5	0.3092	35.3133
1801	5	0.28411	35.0028
1802	5	0.24301	34.2615
1803	5	0.16369	33.3917
1804	5	0.08364	30.5805
1805	5	0.0524	31.1676
1806	5	0.04717	31.4906
1807	5	0.0438	31.4133
1808	5	0.04147	30.8946
1809	5	0.24583	34.7363
1810	5	0.16222	32.3593
1811	5	0.0849	32.2872
1812	5	0.05169	29.8941
1813	5	0.04639	30.6511
1814	5	0.04418	30.527
1815	5	0.04082	31.8142
1816	5	0.03821	30.0544
1817	5	0.08492	31.707
1818	5	0.05387	31.0973
1819	5	0.04585	30.3467
1820	5	0.04345	32.0128
1821	5	0.03996	31.0981
1822	5	0.03721	32.3525
1823	5	0.04617	30.7017
1824	5	0.04361	30.8517
1825	5	0.04013	32.2108
1826	5	0.03676	30.0105
1827	5	0.03663	31.4749
1828	5	0.03923	30.7315
1829	5	0.0363	31.1555
1830	5	0.03485	31.6104
1831	5	0.03545	31.0891
1832	5	0.03502	30.9389
1833	5	0.43281	40.2399
1834	5	0.41981	38.3692
1835	5	0.40207	37.8301
1836	5	0.38139	37.5866
1837	5	0.34557	36.5754
1838	5	0.30988	35.9521
1839	5	0.28475	35.3739
1840	5	0.24305	34.3081
1841	5	0.16517	33.778
1842	5	0.08508	31.5678
1843	5	0.05145	30.6385
1844	5	0.04825	30.7497
1845	5	0.04883	31.6234
1846	5	0.40036	38.1453
1847	5	0.37719	37.2642
1848	5	0.3474	36.9082
1849	5	0.31333	35.625
1850	5	0.28475	35.5042
1851	5	0.24233	34.5225
1852	5	0.16354	33.1369
1853	5	0.08439	31.587
1854	5	0.04914	31.3395
1855	5	0.04492	31.2167
1856	5	0.04598	31.6426
1857	5	0.04841	31.5813
1858	5	0.34556	36.9199
1859	5	0.30915	35.6951
1860	5	0.28098	35.3945
1861	5	0.24701	34.0378
1862	5	0.16507	32.9432
1863	5	0.08415	31.6785
1864	5	0.05022	31.4173
1865	5	0.04505	30.014
1866	5	0.04442	30.1132
1867	5	0.04499	31.017
1868	5	0.28367	34.9991
1869	5	0.24594	34.266
1870	5	0.16289	33.4064
1871	5	0.08374	31.3202
1872	5	0.04981	30.2661
1873	5	0.04564	30.5443
1874	5	0.04342	30.8349
1875	5	0.04342	30.4154
1876	5	0.04346	31.626
1877	5	0.16633	32.7513
1878	5	0.08389	32.2857
1879	5	0.05115	31.2149
1880	5	0.04528	30.5215
1881	5	0.04321	30.631
1882	5	0.0419	30.8811
1883	5	0.03986	30.5589
1884	5	0.0501	31.6823
1885	5	0.04521	30.6297
1886	5	0.04194	31.8237
1887	5	0.04144	30.1789
1888	5	0.03857	32.0658
1889	5	0.03583	30.3343
1890	5	0.04361	30.2537
1891	5	0.04013	30.6547
1892	5	0.03861	30.9551
1893	5	0.03561	31.9245
1894	5	0.03774	31.0038
1895	5	0.03486	29.6662
1896	5	0.03309	30.5635
1897	5	0.03462	29.6698
1898	5	0.37658	38.081
1899	5	0.34605	36.1491
1900	5	0.30917	35.7776
1901	5	0.2833	34.9621
1902	5	0.24425	34.5404
1903	5	0.1657	33.3002
1904	5	0.08462	31.4571
1905	5	0.0485	30.3341
1906	5	0.04336	30.0765
1907	5	0.0452	30.9719
1908	5	0.04836	31.1465
1909	5	0.31323	35.2959
1910	5	0.28495	34.7568
1911	5	0.24538	34.2648
1912	5	0.16647	33.9585
1913	5	0.08581	31.0942
1914	5	0.04959	30.8809
1915	5	0.0433	31.262
1916	5	0.04388	31.6075
1917	5	0.04406	31.4224
1918	5	0.0455	31.7361
1919	5	0.24537	34.3021
1920	5	0.16638	32.5012
1921	5	0.0838	31.422
1922	5	0.0507	30.3403
1923	5	0.04215	30.7466
1924	5	0.03992	29.9566
1925	5	0.04149	30.6268
1926	5	0.04283	30.8089
1927	5	0.08353	31.6768
1928	5	0.05074	31.2359
1929	5	0.04222	30.9548
1930	5	0.04093	30.6625
1931	5	0.04056	31.1575
1932	5	0.04162	31.1949
1933	5	0.03977	31.0118
1934	5	0.04257	31.2119
1935	5	0.04206	31.1673
1936	5	0.04042	31.3525
1937	5	0.04033	31.6822
1938	5	0.03638	31.7512
1939	5	0.04097	30.767
1940	5	0.03978	31.6899
1941	5	0.03584	32.0833
1942	5	0.03494	31.0082
1943	5	0.03639	30.4916
1944	5	0.03418	30.5874
1945	5	0.03266	30.7472
1946	5	0.28372	34.9308
1947	5	0.24813	34.2565
1948	5	0.16277	32.8819
1949	5	0.08423	30.8341
1950	5	0.04975	30.6716
1951	5	0.04244	30.8911
1952	5	0.03855	31.3358
1953	5	0.04232	31.0368
1954	5	0.04479	31.5082
1955	5	0.16452	32.9113
1956	5	0.08257	31.1149
1957	5	0.04943	31.4033
1958	5	0.04271	30.73
1959	5	0.03981	30.249
1960	5	0.03944	30.0168
1961	5	0.04164	31.8073
1962	5	0.04267	31.4968
1963	5	0.05041	31.3621
1964	5	0.04195	30.0473
1965	5	0.04073	29.9762
1966	5	0.03865	30.5735
1967	5	0.03908	30.3567
1968	5	0.04201	31.9521
1969	5	0.03933	31.5645
1970	5	0.03885	31.5844
1971	5	0.03832	30.7656
1972	5	0.03715	30.6289
1973	5	0.03701	30.6682
1974	5	0.03905	30.0991
1975	5	0.03736	31.4875
1976	5	0.03518	30.8741
1977	5	0.03482	31.018
1978	5	0.03304	31.7795
1979	5	0.08315	31.3518
1980	5	0.05003	30.3564
1981	5	0.04221	30.3429
1982	5	0.03845	30.4958
1983	5	0.03813	31.5141
1984	5	0.03992	32.1423
1985	5	0.0427	32.0093
1986	5	0.04248	31.1973
1987	5	0.03833	32.0214
1988	5	0.03716	30.7287
1989	5	0.03747	30.9647
1990	5	0.03902	31.8445
1991	5	0.04173	30.952
1992	5	0.03641	31.1811
1993	5	0.03598	30.1478
1994	5	0.03786	31.9945
1995	5	0.03805	32.179
1996	5	0.03798	32.2392
1997	5	0.03634	31.8469
1998	5	0.03554	32.3529
1999	5	0.03587	30.5626
2000	5	0.03833	30.6068
2001	5	0.03609	30.7145
2002	5	0.03491	31.8916
2003	5	0.03716	31.4304
2004	5	0.03981	33.0043
2005	5	0.03502	30.6612
2006	5	0.03564	31.2821
2007	5	0.03874	32.1934
2008	5	0.03901	31.7362
2009	5	0.03628	31.1075
2010	5	0.03697	32.1076
2011	5	0.03658	33.6378
2012	5	0.03482	31.4433
2013	5	0.03599	32.273
2014	5	0.0397	32.914
2015	5	0.03925	32.6877
2016	5	0.04005	32.5395
2017	5	0.04204	32.5233
2018	5	0.51562	46.5769
2019	5	0.5105	46.2775
2020	5	0.50836	45.4656
2021	5	0.5004	44.961
2022	5	0.49414	45.1152
2023	5	0.48784	43.7188
2024	5	0.48005	44.0215
2025	5	0.47137	43.6188
2026	5	0.46291	42.7631
2027	5	0.45339	41.7459
2028	5	0.44474	41.4327
2029	5	0.43155	41.018
2030	5	0.41882	40.6585
2031	5	0.40113	39.9078
2032	5	0.38053	40.1411
2033	5	0.3435	38.4298
2034	5	0.31144	37.9537
2035	5	0.28132	37.1599
2036	5	0.24619	36.4833
2037	5	0.18063	34.3563
2038	5	0.13562	32.3078
2039	5	0.50612	45.9908
2040	5	0.5008	46.1615
2041	5	0.4943	44.7427
2042	5	0.48768	44.9024
2043	5	0.47847	44.1051
2044	5	0.47133	43.2617
2045	5	0.45996	42.2781
2046	5	0.45532	43.0592
2047	5	0.44357	41.659
2048	5	0.43193	41.4786
2049	5	0.41661	41.0293
2050	5	0.40161	40.302
2051	5	0.37866	39.3327
2052	5	0.34465	39.0193
2053	5	0.31008	38.1909
2054	5	0.28254	37.8844
2055	5	0.24242	36.5536
2056	5	0.17096	34.8237
2057	5	0.10304	33.0656
2058	5	0.49499	45.1648
2059	5	0.49022	44.3241
2060	5	0.47945	43.9414
2061	5	0.47229	43.6582
2062	5	0.46326	42.8748
2063	5	0.45473	41.7623
2064	5	0.44471	41.414
2065	5	0.43116	41.1605
2066	5	0.41815	40.3145
2067	5	0.40084	39.9672
2068	5	0.38029	39.5489
2069	5	0.34565	38.699
2070	5	0.30776	38.0178
2071	5	0.28205	36.847
2072	5	0.24444	36.5575
2073	5	0.17069	34.1248
2074	5	0.09619	31.8981
2075	5	0.06945	32.0302
2076	5	0.47959	43.7777
2077	5	0.47231	43.2239
2078	5	0.4651	43.0641
2079	5	0.45399	42.3253
2080	5	0.4442	41.3564
2081	5	0.43044	41.1348
2082	5	0.41697	40.9454
2083	5	0.39855	39.6042
2084	5	0.37669	39.5952
2085	5	0.34581	38.1298
2086	5	0.3109	37.9085
2087	5	0.2832	36.7601
2088	5	0.24456	36.411
2089	5	0.16814	34.4594
2090	5	0.08971	32.1565
2091	5	0.05898	31.8451
2092	5	0.46413	42.9713
2093	5	0.45298	42.031
2094	5	0.44446	42.1248
2095	5	0.43147	41.2374
2096	5	0.41865	41.013
2097	5	0.40007	39.8436
2098	5	0.3809	39.082
2099	5	0.34489	37.8874
2100	5	0.31288	37.5435
2101	5	0.28576	36.6902
2102	5	0.24415	35.6079
2103	5	0.16761	34.1185
2104	5	0.08828	31.7125
2105	5	0.0576	32.7157
2106	5	0.04827	32.1656
2107	5	0.44306	41.1263
2108	5	0.4341	40.6981
2109	5	0.41692	39.7483
2110	5	0.3999	40.4786
2111	5	0.38026	38.9788
2112	5	0.34505	38.1636
2113	5	0.31252	37.1452
2114	5	0.28324	36.4972
2115	5	0.24363	35.3032
2116	5	0.16684	33.8502
2117	5	0.09135	31.9158
2118	5	0.05529	31.6548
2119	5	0.04587	31.5958
2120	5	0.42019	39.7079
2121	5	0.39888	39.4925
2122	5	0.38266	38.7702
2123	5	0.34755	38.4687
2124	5	0.31062	37.1414
2125	5	0.28334	36.163
2126	5	0.24785	35.7114
2127	5	0.16871	34.0535
2128	5	0.08993	32.3369
2129	5	0.05472	32.3121
2130	5	0.04434	31.2085
2131	5	0.04258	30.8364
2132	5	0.37927	39.2275
2133	5	0.34948	37.999
2134	5	0.31039	37.048
2135	5	0.28028	36.0823
2136	5	0.24333	35.6708
2137	5	0.16795	33.2168
2138	5	0.0909	31.6632
2139	5	0.05437	31.7094
2140	5	0.04395	32.3842
2141	5	0.0413	31.6647
2142	5	0.30906	37.1021
2143	5	0.28392	36.1958
2144	5	0.24575	35.6
2145	5	0.16625	33.5978
2146	5	0.08868	31.1351
2147	5	0.0537	31.1432
2148	5	0.04419	30.7002
2149	5	0.03953	31.3996
2150	5	0.04009	32.0687
2151	5	0.24598	34.753
2152	5	0.16828	33.9126
2153	5	0.08891	32.6646
2154	5	0.05285	31.8017
2155	5	0.04321	32.3302
2156	5	0.039	31.262
2157	5	0.03992	31.7889
2158	5	0.08908	32.7112
2159	5	0.05458	31.76
2160	5	0.04325	31.8109
2161	5	0.03899	32.4814
2162	5	0.03806	32.0797
2163	5	0.03943	31.8649
2164	5	0.04276	31.1993
2165	5	0.03977	32.7264
2166	5	0.03942	32.6091
2167	5	0.03831	32.7534
2168	5	0.03848	31.4831
2169	5	0.03794	32.2698
2170	5	0.03844	32.6315
2171	5	0.03776	31.9079
2172	5	0.50159	45.6475
2173	5	0.49467	45.1429
2174	5	0.48727	44.0887
2175	5	0.47987	44.065
2176	5	0.47124	43.4409
2177	5	0.46114	42.9052
2178	5	0.45715	42.3002
2179	5	0.44502	41.8351
2180	5	0.43264	41.6699
2181	5	0.41603	41.6086
2182	5	0.39968	40.3318
2183	5	0.37695	39.4296
2184	5	0.34395	39.2139
2185	5	0.31169	38.8449
2186	5	0.28289	37.9741
2187	5	0.24461	36.5167
2188	5	0.16677	34.8473
2189	5	0.09498	32.358
2190	5	0.07298	32.0826
2191	5	0.48832	44.3747
2192	5	0.47836	43.8147
2193	5	0.47253	43.3315
2194	5	0.46314	43.2718
2195	5	0.45115	42.0876
2196	5	0.44263	41.9572
2197	5	0.43049	41.4014
2198	5	0.41888	40.5068
2199	5	0.40258	39.9798
2200	5	0.37834	39.5546
2201	5	0.34635	38.1727
2202	5	0.31054	37.5456
2203	5	0.28431	37.7174
2204	5	0.24407	36.4426
2205	5	0.16561	34.7889
2206	5	0.09122	31.9413
2207	5	0.06417	31.8576
2208	5	0.47282	43.5913
2209	5	0.46498	43.5147
2210	5	0.45539	42.767
2211	5	0.44419	41.4884
2212	5	0.43277	42.0429
2213	5	0.4155	40.4289
2214	5	0.40128	40.0916
2215	5	0.38045	39.4235
2216	5	0.34575	38.4056
2217	5	0.31171	37.6728
2218	5	0.28696	37.2279
2219	5	0.24465	36.6832
2220	5	0.16731	34.2083
2221	5	0.09036	32.1287
2222	5	0.0591	32.3201
2223	5	0.05306	32.8147
2224	5	0.45524	42.8345
2225	5	0.44771	41.5223
2226	5	0.43387	41.0973
2227	5	0.41524	39.6127
2228	5	0.39916	39.8601
2229	5	0.37963	39.0944
2230	5	0.34578	38.4676
2231	5	0.31258	36.975
2232	5	0.28302	36.8031
2233	5	0.24621	36.037
2234	5	0.1661	34.19
2235	5	0.08901	31.9017
2236	5	0.05555	32.3799
2237	5	0.04832	32.6504
2238	5	0.43163	41.3222
2239	5	0.41337	40.187
2240	5	0.39767	39.3826
2241	5	0.37926	39.2485
2242	5	0.34497	38.1212
2243	5	0.31201	36.88
2244	5	0.2843	36.3929
2245	5	0.24496	35.9981
2246	5	0.16535	34.8138
2247	5	0.08783	32.3876
2248	5	0.05646	32.7364
2249	5	0.0483	32.3157
2250	5	0.04363	32.3091
2251	5	0.40068	39.4519
2252	5	0.38125	38.6476
2253	5	0.34515	38.3981
2254	5	0.31296	37.1924
2255	5	0.28478	36.4695
2256	5	0.2428	35.4272
2257	5	0.16554	34.3238
2258	5	0.08802	32.0913
2259	5	0.05725	32.0463
2260	5	0.04609	32.4373
2261	5	0.04007	31.6859
2262	5	0.34645	38.2585
2263	5	0.30922	37.6871
2264	5	0.28461	36.131
2265	5	0.2434	35.9027
2266	5	0.16462	34.6787
2267	5	0.08852	32.0789
2268	5	0.05594	31.9932
2269	5	0.04581	32.267
2270	5	0.03951	32.3873
2271	5	0.03953	32.9961
2272	5	0.28513	36.377
2273	5	0.24551	35.8066
2274	5	0.16755	33.6603
2275	5	0.0903	31.6882
2276	5	0.05586	32.4148
2277	5	0.04605	32.9219
2278	5	0.03981	32.3523
2279	5	0.03839	30.5571
2280	5	0.16785	34.7045
2281	5	0.08794	31.6647
2282	5	0.05549	31.264
2283	5	0.04534	31.1058
2284	5	0.03961	32.3675
2285	5	0.03856	32.3454
2286	5	0.03788	32.152
2287	5	0.05548	32.6411
2288	5	0.04439	32.6266
2289	5	0.03996	33.3306
2290	5	0.03816	32.1922
2291	5	0.03727	31.8057
2292	5	0.0393	31.5329
2293	5	0.03769	32.5295
2294	5	0.03768	31.7123
2295	5	0.03665	32.9665
2296	5	0.03711	31.27
2297	5	0.03662	31.9503
2298	5	0.03565	32.1127
2299	5	0.47971	44.0052
2300	5	0.47532	44.1275
2301	5	0.46481	42.8544
2302	5	0.45539	42.6211
2303	5	0.44444	42.1647
2304	5	0.4318	40.9825
2305	5	0.41974	41.1861
2306	5	0.4034	40.489
2307	5	0.38296	39.0928
2308	5	0.34912	38.6381
2309	5	0.31422	37.637
2310	5	0.28366	37.1379
2311	5	0.24712	36.7277
2312	5	0.16559	34.8041
2313	5	0.08873	32.5504
2314	5	0.06045	32.2534
2315	5	0.05687	32.3987
2316	5	0.46641	43.7331
2317	5	0.4549	42.0214
2318	5	0.44709	41.9926
2319	5	0.43523	41.5356
2320	5	0.41622	39.7043
2321	5	0.40259	39.9098
2322	5	0.37879	39.592
2323	5	0.34574	38.2135
2324	5	0.31095	37.1845
2325	5	0.28379	37.1001
2326	5	0.24503	36.6519
2327	5	0.16752	34.6265
2328	5	0.08684	32.377
2329	5	0.05674	31.8667
2330	5	0.05184	32.0057
2331	5	0.44531	41.7943
2332	5	0.43059	41.0904
2333	5	0.41681	40.5476
2334	5	0.40228	39.8566
2335	5	0.38028	39.0659
2336	5	0.34613	38.0529
2337	5	0.31192	37.2132
2338	5	0.28581	37.0357
2339	5	0.24406	35.9997
2340	5	0.16888	34.5773
2341	5	0.08802	31.9372
2342	5	0.05573	30.6726
2343	5	0.04891	32.1985
2344	5	0.04682	32.3602
2345	5	0.4172	40.1963
2346	5	0.4011	39.5839
2347	5	0.38097	38.6574
2348	5	0.34892	37.8163
2349	5	0.31182	37.483
2350	5	0.28271	36.4978
2351	5	0.24497	36.1162
2352	5	0.16837	34.1119
2353	5	0.08675	32.59
2354	5	0.05556	30.74
2355	5	0.04757	32.1955
2356	5	0.04302	32.5614
2357	5	0.38015	39.274
2358	5	0.34864	37.7316
2359	5	0.31193	37.1571
2360	5	0.28378	36.8375
2361	5	0.24386	35.6572
2362	5	0.16646	34.0291
2363	5	0.08728	31.7826
2364	5	0.0542	32.4226
2365	5	0.04722	31.3824
2366	5	0.04175	32.0487
2367	5	0.03947	32.7622
2368	5	0.31408	37.4354
2369	5	0.28135	36.9376
2370	5	0.24647	35.8376
2371	5	0.16747	34.1845
2372	5	0.08764	32.188
2373	5	0.05569	32.5345
2374	5	0.04756	31.8473
2375	5	0.04178	32.3473
2376	5	0.03909	30.8963
2377	5	0.24528	36.2938
2378	5	0.1675	33.6732
2379	5	0.0867	31.5618
2380	5	0.05472	31.6473
2381	5	0.04591	31.4002
2382	5	0.04164	32.429
2383	5	0.03791	33.367
2384	5	0.03708	31.2307
2385	5	0.0871	32.6869
2386	5	0.0544	30.7963
2387	5	0.04611	32.0891
2388	5	0.04108	31.3799
2389	5	0.03761	31.6313
2390	5	0.03612	32.4762
2391	5	0.04588	31.8827
2392	5	0.04151	31.1068
2393	5	0.03743	32.2783
2394	5	0.0358	31.5169
2395	5	0.03594	32.3661
2396	5	0.03709	32.3224
2397	5	0.03618	31.785
2398	5	0.03629	31.5603
2399	5	0.03555	33.3957
2400	5	0.03538	32.7175
2401	5	0.45068	42.2602
2402	5	0.44582	42.0656
2403	5	0.43405	41.3865
2404	5	0.41815	40.3975
2405	5	0.40117	40.0711
2406	5	0.38108	39.029
2407	5	0.34513	38.1911
2408	5	0.31365	37.4569
2409	5	0.28452	37.0502
2410	5	0.24483	35.6826
2411	5	0.16685	33.7175
2412	5	0.08687	33.3909
2413	5	0.05334	31.9235
2414	5	0.04897	31.2214
2415	5	0.04902	32.7545
2416	5	0.42908	41.2673
2417	5	0.41741	40.0715
2418	5	0.40168	39.8537
2419	5	0.38043	38.8674
2420	5	0.34886	38.2491
2421	5	0.30981	36.9496
2422	5	0.28474	36.8163
2423	5	0.24569	35.8059
2424	5	0.16755	34.665
2425	5	0.08762	31.3683
2426	5	0.05313	32.8104
2427	5	0.04649	31.8122
2428	5	0.04641	32.816
2429	5	0.39993	40.0778
2430	5	0.38078	39.092
2431	5	0.34613	37.3478
2432	5	0.31238	36.881
2433	5	0.28362	35.9138
2434	5	0.24578	35.9576
2435	5	0.16459	34.2024
2436	5	0.08717	31.8027
2437	5	0.05356	32.0374
2438	5	0.04464	31.6226
2439	5	0.04376	32.534
2440	5	0.04306	31.5618
2441	5	0.35033	38.0137
2442	5	0.31456	37.0871
2443	5	0.28706	35.9374
2444	5	0.24791	35.586
2445	5	0.16506	34.3615
2446	5	0.08713	32.0725
2447	5	0.05345	32.4954
2448	5	0.04489	30.5904
2449	5	0.04186	32.881
2450	5	0.04179	31.0607
2451	5	0.28664	36.3914
2452	5	0.24714	35.8379
2453	5	0.16802	34.2452
2454	5	0.0868	32.0284
2455	5	0.05252	32.2823
2456	5	0.04484	32.3004
2457	5	0.04327	31.3967
2458	5	0.03986	32.3373
2459	5	0.0374	31.8353
2460	5	0.16661	33.8804
2461	5	0.08754	31.8924
2462	5	0.0526	32.0704
2463	5	0.04546	31.2219
2464	5	0.0415	31.7716
2465	5	0.038	32.4209
2466	5	0.03708	31.4773
2467	5	0.05175	31.7377
2468	5	0.04622	31.7641
2469	5	0.04129	31.8164
2470	5	0.03833	33.286
2471	5	0.03469	30.8765
2472	5	0.03409	30.8554
2473	5	0.04209	32.1548
2474	5	0.03905	32.0677
2475	5	0.03592	31.9562
2476	5	0.03433	31.3598
2477	5	0.0352	32.6704
2478	5	0.03468	31.2666
2479	5	0.03453	32.8907
2480	5	0.03404	33.1989
2481	5	0.41793	40.3835
2482	5	0.40338	39.6565
2483	5	0.37969	38.8319
2484	5	0.34977	38.0268
2485	5	0.31315	37.6603
2486	5	0.28609	36.5816
2487	5	0.24485	35.6586
2488	5	0.16584	34.25
2489	5	0.08718	31.8464
2490	5	0.05293	31.1384
2491	5	0.04453	31.5126
2492	5	0.04565	32.9376
2493	5	0.04597	31.4684
2494	5	0.38106	38.5864
2495	5	0.34615	38.1191
2496	5	0.31322	37.1883
2497	5	0.28581	36.2836
2498	5	0.24375	35.6
2499	5	0.16447	33.969
2500	5	0.08849	31.7334
2501	5	0.05218	31.2776
2502	5	0.04374	30.9369
2503	5	0.04142	30.4846
2504	5	0.04382	32.7656
2505	5	0.315	36.4475
2506	5	0.28403	36.0061
2507	5	0.24564	35.5477
2508	5	0.16824	33.7523
2509	5	0.08684	32.155
2510	5	0.05243	31.5469
2511	5	0.04266	31.412
2512	5	0.04192	31.206
2513	5	0.04066	31.9108
2514	5	0.04043	31.7517
2515	5	0.24415	35.2679
2516	5	0.16767	33.8634
2517	5	0.08819	31.5472
2518	5	0.05267	31.8171
2519	5	0.04333	31.696
2520	5	0.04106	32.0638
2521	5	0.03904	32.3111
2522	5	0.03798	30.9778
2523	5	0.08753	32.0328
2524	5	0.05266	31.5133
2525	5	0.04295	30.5195
2526	5	0.04099	32.2207
2527	5	0.03965	32.0056
2528	5	0.03715	32.4729
2529	5	0.03595	30.8776
2530	5	0.0433	32.2291
2531	5	0.04159	31.3491
2532	5	0.03934	32.1956
2533	5	0.03657	31.7406
2534	5	0.03405	31.0325
2535	5	0.04037	31.9349
2536	5	0.03682	32.0358
2537	5	0.0339	30.6642
2538	5	0.03284	31.2982
2539	5	0.03391	33.2513
2540	5	0.03273	32.0764
2541	5	0.03264	31.9329
2542	5	0.34723	37.3086
2543	5	0.31108	36.4848
2544	5	0.28618	36.1586
2545	5	0.24507	35.5789
2546	5	0.16879	34.2668
2547	5	0.08865	32.1885
2548	5	0.05359	31.5728
2549	5	0.04233	31.5803
2550	5	0.03942	31.0616
2551	5	0.04132	33.5027
2552	5	0.04258	32.5462
2553	5	0.2865	36.2562
2554	5	0.24661	35.1489
2555	5	0.16554	34.0087
2556	5	0.08779	31.9169
2557	5	0.0521	31.0953
2558	5	0.04197	32.2491
2559	5	0.03868	31.2585
2560	5	0.03909	32.8423
2561	5	0.04122	33.177
2562	5	0.16589	34.1063
2563	5	0.0877	31.8333
2564	5	0.05228	31.8565
2565	5	0.04333	31.511
2566	5	0.03897	31.3715
2567	5	0.0395	32.1479
2568	5	0.03803	31.6459
2569	5	0.03919	32.0927
2570	5	0.05296	32.6595
2571	5	0.0434	31.5918
2572	5	0.038	31.2669
2573	5	0.03806	31.3789
2574	5	0.03713	32.7233
2575	5	0.03595	31.9975
2576	5	0.04	32.4401
2577	5	0.03897	30.8422
2578	5	0.03804	32.3956
2579	5	0.03478	32.0686
2580	5	0.0349	31.5315
2581	5	0.03783	30.8686
2582	5	0.03582	31.0237
2583	5	0.03234	31.4852
2584	5	0.03264	30.8965
2585	5	0.03167	32.2436
2586	5	0.24012	35.4421
2587	5	0.16683	33.2223
2588	5	0.0868	32.9596
2589	5	0.05311	31.4871
2590	5	0.04143	32.6521
2591	5	0.03886	32.1172
2592	5	0.03713	32.7228
2593	5	0.03955	32.1644
2594	5	0.04165	31.6725
2595	5	0.08768	31.6218
2596	5	0.0529	32.0254
2597	5	0.04291	32.1222
2598	5	0.03714	31.6364
2599	5	0.0359	30.8662
2600	5	0.03773	31.5075
2601	5	0.03808	33.1372
2602	5	0.04276	30.9801
2603	5	0.03835	31.5389
2604	5	0.03663	31.7338
2605	5	0.03641	30.8308
2606	5	0.03666	32.4262
2607	5	0.03732	31.8104
2608	5	0.03525	30.2389
2609	5	0.0354	31.4079
2610	5	0.03677	31.5476
2611	5	0.03459	32.488
2612	5	0.03495	33.2432
2613	5	0.03481	32.6234
2614	5	0.03184	33.223
2615	5	0.03087	31.9074
2616	5	0.05323	30.6823
2617	5	0.04307	31.0929
2618	5	0.03879	30.9085
2619	5	0.03654	30.991
2620	5	0.03446	33.0348
2621	5	0.03747	32.4792
2622	5	0.03846	32.6048
2623	5	0.03873	30.9667
2624	5	0.03493	30.5728
2625	5	0.03408	31.5416
2626	5	0.03427	32.7929
2627	5	0.03741	31.6256
2628	5	0.03334	31.2596
2629	5	0.03495	32.8292
2630	5	0.03523	33.2829
2631	5	0.0354	32.8052
2632	5	0.03473	33.0481
2633	5	0.03338	31.5748
2634	5	0.03029	32.7731
2635	5	0.03598	32.2549
2636	5	0.03395	31.0587
2637	5	0.03273	32.4302
2638	5	0.03613	32.3106
2639	5	0.03714	33.0833
2640	5	0.03154	31.4363
2641	5	0.0337	31.7788
2642	5	0.03607	33.8873
2643	5	0.0336	33.2288
2644	5	0.03465	33.5156
2645	5	0.03145	32.6923
2646	5	0.0342	32.7812
2647	5	0.03777	33.1039
2648	5	0.03701	32.5898
2649	5	0.03802	34.104
2650	5	0.49394	45.0727
2651	5	0.48742	44.6818
2652	5	0.48133	44.1972
2653	5	0.47107	43.0491
2654	5	0.46374	42.9869
2655	5	0.45506	42.939
2656	5	0.44196	41.718
2657	5	0.4322	41.491
2658	5	0.4165	41.0894
2659	5	0.39986	40.0748
2660	5	0.37951	39.6595
2661	5	0.34636	38.2445
2662	5	0.30996	38.3522
2663	5	0.28765	37.4353
2664	5	0.24583	37.1447
2665	5	0.16755	35.0448
2666	5	0.08965	32.019
2667	5	0.06565	32.7228
2668	5	0.48079	43.9049
2669	5	0.4714	43.9316
2670	5	0.46773	43.4778
2671	5	0.45609	42.4535
2672	5	0.4446	42.1663
2673	5	0.4295	41.7906
2674	5	0.41935	40.7336
2675	5	0.40159	40.6265
2676	5	0.38029	39.6089
2677	5	0.34435	39.0731
2678	5	0.31274	38.3956
2679	5	0.28375	37.5033
2680	5	0.24394	36.6867
2681	5	0.16411	35.0401
2682	5	0.08878	32.883
2683	5	0.06047	31.9569
2684	5	0.05655	32.6246
2685	5	0.46334	43.2733
2686	5	0.45542	42.1392
2687	5	0.44331	42.2126
2688	5	0.43016	41.7227
2689	5	0.41608	40.4875
2690	5	0.40347	40.3138
2691	5	0.37953	38.8196
2692	5	0.34802	38.6908
2693	5	0.30838	37.4957
2694	5	0.28659	37.1545
2695	5	0.24444	36.3863
2696	5	0.16353	34.8542
2697	5	0.08785	33.1441
2698	5	0.05777	31.879
2699	5	0.0502	31.752
2700	5	0.44756	42.74
2701	5	0.43227	41.1856
2702	5	0.4185	40.6733
2703	5	0.40138	40.0866
2704	5	0.37903	39.2917
2705	5	0.34792	38.9249
2706	5	0.31313	37.4208
2707	5	0.28486	37.3238
2708	5	0.24557	36.4272
2709	5	0.16735	34.6057
2710	5	0.08805	32.2988
2711	5	0.05741	31.4974
2712	5	0.04676	31.836
2713	5	0.04539	31.9304
2714	5	0.41811	40.4659
2715	5	0.40372	39.9366
2716	5	0.37844	39.3364
2717	5	0.34649	37.5415
2718	5	0.3132	37.138
2719	5	0.2859	36.8066
2720	5	0.24633	35.7293
2721	5	0.16837	34.3733
2722	5	0.08775	31.6289
2723	5	0.05615	32.1547
2724	5	0.04767	33.7559
2725	5	0.04088	32.494
2726	5	0.38035	38.8679
2727	5	0.34633	37.9099
2728	5	0.31156	36.6259
2729	5	0.28671	36.8016
2730	5	0.24432	35.947
2731	5	0.16616	34.5594
2732	5	0.08752	32.8434
2733	5	0.05691	31.8258
2734	5	0.04776	32.5152
2735	5	0.04202	31.8588
2736	5	0.03927	31.8824
2737	5	0.31321	37.1037
2738	5	0.28394	36.4901
2739	5	0.24473	35.7106
2740	5	0.16476	34.5607
2741	5	0.08722	33.0089
2742	5	0.05785	32.0213
2743	5	0.04762	31.7621
2744	5	0.04157	31.7969
2745	5	0.03834	32.6545
2746	5	0.24454	35.9305
2747	5	0.16752	33.9729
2748	5	0.08897	32.3108
2749	5	0.05668	31.4052
2750	5	0.04635	31.4657
2751	5	0.04026	33.636
2752	5	0.03697	31.3502
2753	5	0.03702	31.9988
