0	1	0.58006	-2000
1	2	0.57956	-2000
2	2	0.57683	-2000
3	2	0.57659	-2000
4	2	0.57501	-2000
5	2	0.5704	-2000
6	2	0.56926	-2000
7	2	0.56102	-2000
8	2	0.5615	-2000
9	2	0.55692	-2000
10	2	0.55645	-2000
11	2	0.54987	-2000
12	2	0.54568	-2000
13	2	0.54371	-2000
14	2	0.54554	72.5823
0	1	0.58006	-2000
1	2	0.57956	-2000
2	2	0.57683	-2000
3	2	0.57659	-2000
4	2	0.57501	-2000
5	2	0.5704	-2000
6	2	0.56926	-2000
7	2	0.56102	-2000
8	2	0.5615	-2000
9	2	0.55692	-2000
10	2	0.55645	-2000
11	2	0.54987	-2000
12	2	0.54568	-2000
13	2	0.54371	-2000
14	2	0.54554	72.5823
15	2	0.58475	-2000
16	2	0.64359	79.8471
17	2	0.66769	-2000
18	2	0.6745	83.2123
19	2	0.68283	82.7595
20	2	0.69586	81.1528
21	2	0.70304	81.6065
22	2	0.70709	82.3532
23	2	0.70746	81.5831
24	2	0.71343	80.4842
25	2	0.71313	82.8873
26	3	0.58045	-2000
27	3	0.57608	52.039
28	3	0.57475	-2000
29	3	0.57409	-2000
30	3	0.56953	-2000
31	3	0.56782	-2000
32	3	0.56515	-2000
33	3	0.56154	52.9508
34	3	0.55731	52.5804
35	3	0.55568	52.5472
36	3	0.54921	-2000
37	3	0.54722	-2000
38	3	0.54371	-2000
39	3	0.54807	52.3417
40	3	0.58527	-2000
41	3	0.6452	52.319
42	3	0.67081	53.7345
43	3	0.67419	54.2393
44	3	0.685	-2000
45	3	0.69475	-2000
46	3	0.70353	54.1547
47	3	0.70661	-2000
48	3	0.70984	52.5457
49	3	0.71386	54.4817
50	3	0.57678	53.2705
51	3	0.57233	53.3576
52	3	0.56804	55.1264
53	3	0.56911	-2000
54	3	0.56462	53.6708
55	3	0.56245	52.4757
56	3	0.55952	53.1693
57	3	0.55384	53.5306
58	3	0.55243	-2000
59	3	0.54701	53.0204
60	3	0.54406	53.2878
61	3	0.53974	-2000
62	3	0.54505	-2000
63	3	0.58188	53.5154
64	3	0.6415	-2000
65	3	0.66626	54.5325
66	3	0.67232	55.0244
67	3	0.68137	-2000
68	3	0.69155	52.8773
69	3	0.70181	54.5487
70	3	0.70476	-2000
71	3	0.70553	55.0455
72	3	0.70705	54.3104
73	3	0.57274	53.2975
74	3	0.56563	52.5599
75	3	0.56286	-2000
76	3	0.55994	51.5349
77	3	0.5571	53.3205
78	3	0.55297	53.6454
79	3	0.55127	-2000
80	3	0.54837	53.6893
81	3	0.54202	51.4384
82	3	0.53884	52.9878
83	3	0.54028	-2000
84	3	0.54104	53.0576
85	3	0.58058	53.5672
86	3	0.642	-2000
87	3	0.66315	51.7784
88	3	0.66676	54.3042
89	3	0.67799	53.4597
90	3	0.68892	53.8896
91	3	0.69414	54.1486
92	3	0.69603	52.8423
93	3	0.70003	-2000
94	3	0.56017	54.1806
95	3	0.56005	-2000
96	3	0.55576	-2000
97	3	0.55261	53.1567
98	3	0.55099	49.967
99	3	0.54876	51.786
100	3	0.54096	51.3485
101	3	0.54112	-2000
102	3	0.53976	50.9523
103	3	0.53565	-2000
104	3	0.54047	50.6884
105	3	0.57522	51.9581
106	3	0.63453	54.1665
107	3	0.65945	51.3677
108	3	0.66504	55.2411
109	3	0.67767	-2000
110	3	0.68405	54.895
111	3	0.68861	53.1404
112	3	0.69094	53.6431
113	3	0.69087	-2000
114	3	0.55477	50.896
115	3	0.55574	-2000
116	3	0.5497	51.4544
117	3	0.54748	-2000
118	3	0.54015	51.6422
119	3	0.53899	50.4501
120	3	0.53712	52.9379
121	3	0.53627	52.4061
122	3	0.53087	51.3564
123	3	0.53264	52.9782
124	3	0.57162	49.7987
125	3	0.63026	53.2953
126	3	0.65394	54.4333
127	3	0.65561	54.7316
128	3	0.66569	-2000
129	3	0.67592	53.6708
130	3	0.68368	53.8851
131	3	0.68401	55.0465
132	3	0.55037	49.0563
133	3	0.54904	51.012
134	3	0.54226	50.9125
135	3	0.53629	-2000
136	3	0.53685	50.3662
137	3	0.53337	52.4449
138	3	0.53099	49.3659
139	3	0.52947	50.1614
140	3	0.52811	48.5712
141	3	0.56328	53.3429
142	3	0.62534	51.8991
143	3	0.64891	54.7037
144	3	0.65319	51.841
145	3	0.66173	55.0596
146	3	0.67382	51.7056
147	3	0.67474	51.5344
148	3	0.67686	55.3528
149	3	0.54202	50.8676
150	3	0.54048	50.6801
151	3	0.53933	50.766
152	3	0.53183	51.5126
153	3	0.5313	49.9803
154	3	0.52773	50.0687
155	3	0.524	52.4679
156	3	0.52161	48.7715
157	3	0.56102	51.7311
158	3	0.61916	51.1981
159	3	0.64533	53.4088
160	3	0.6449	-2000
161	3	0.65586	53.1715
162	3	0.66467	52.8439
163	3	0.66652	53.9558
164	3	0.5384	52.1409
165	3	0.53384	49.1963
166	3	0.52868	49.6485
167	3	0.52424	50.249
168	3	0.52154	50.1011
169	3	0.51938	48.6972
170	3	0.51564	49.3943
171	3	0.55485	52.1305
172	3	0.61081	51.4908
173	3	0.63781	52.3231
174	3	0.63995	52.9795
175	3	0.64653	52.3293
176	3	0.65293	55.2833
177	3	0.6589	52.2898
178	3	0.52825	48.2426
179	3	0.52673	52.2401
180	3	0.51959	50.1349
181	3	0.51622	-2000
182	3	0.51051	49.7091
183	3	0.51055	48.9007
184	3	0.54567	51.5591
185	3	0.60712	50.264
186	3	0.62926	53.3187
187	3	0.63181	54.8482
188	3	0.63975	52.6698
189	3	0.64414	53.8321
190	3	0.52152	49.5692
191	3	0.51654	49.3309
192	3	0.51264	51.1269
193	3	0.50224	48.2269
194	3	0.50206	49.5106
195	3	0.53966	50.746
196	3	0.59741	50.2942
197	3	0.62183	52.826
198	3	0.62193	53.5003
199	3	0.62822	53.7611
200	3	0.63284	55.7895
201	3	0.50913	49.5007
202	3	0.49996	49.9525
203	3	0.49325	48.3595
204	3	0.49455	49.0791
205	3	0.52749	49.1697
206	3	0.59255	53.3132
207	3	0.61132	54.4798
208	3	0.60918	55.0274
209	3	0.61496	54.2548
210	3	0.49329	49.8181
211	3	0.4869	49.5119
212	3	0.48181	49.7922
213	3	0.51564	50.4276
214	3	0.57833	53.0887
215	3	0.60084	52.4017
216	3	0.5998	52.5955
217	3	0.59396	53.687
218	3	0.48037	50.0804
219	3	0.47412	50.5834
220	3	0.50679	51.618
221	3	0.57027	52.7522
222	3	0.5874	56.4652
223	3	0.57903	53.0248
224	3	0.46701	49.9262
225	3	0.5018	52.8777
226	3	0.5599	52.8904
227	3	0.57138	55.089
228	3	0.56884	55.0485
229	3	0.53137	55.0483
230	3	0.57754	56.365
231	3	0.59416	56.6259
232	3	0.62699	58.9416
233	3	0.64825	56.7126
234	4	0.57962	47.5033
235	4	0.57462	48.0865
236	4	0.57034	48.9561
237	4	0.5662	48.6796
238	4	0.56711	47.1722
239	4	0.56354	47.7472
240	4	0.56265	44.9887
241	4	0.56243	46.083
242	4	0.55314	45.2712
243	4	0.55181	45.6327
244	4	0.54811	45.5635
245	4	0.54295	45.1979
246	4	0.53928	45.3517
247	4	0.5449	45.3705
248	4	0.58391	44.3457
249	4	0.64311	42.2859
250	4	0.66527	43.2857
251	4	0.67381	43.621
252	4	0.68119	42.1236
253	4	0.69371	43.1753
254	4	0.69887	41.6605
255	4	0.7025	41.9773
256	4	0.70438	42.7796
257	4	0.70534	42.2728
258	4	0.57406	48.8582
259	4	0.56872	49.3831
260	4	0.56674	49.8051
261	4	0.56535	46.7915
262	4	0.55991	49.1467
263	4	0.55805	46.5116
264	4	0.55584	47.4212
265	4	0.55131	46.3381
266	4	0.54491	45.8453
267	4	0.54294	47.3631
268	4	0.54002	47.1363
269	4	0.53955	45.075
270	4	0.54449	45.0105
271	4	0.58316	42.8796
272	4	0.64173	43.2074
273	4	0.66322	46.847
274	4	0.67034	43.431
275	4	0.67888	43.3714
276	4	0.69027	42.7886
277	4	0.69531	45.312
278	4	0.69959	43.3094
279	4	0.701	42.1642
280	4	0.56609	48.7496
281	4	0.56283	48.798
282	4	0.56078	46.773
283	4	0.55435	47.0429
284	4	0.5548	46.8739
285	4	0.55493	46.1713
286	4	0.54661	45.3816
287	4	0.54068	46.2293
288	4	0.5423	45.5757
289	4	0.53786	44.6188
290	4	0.53504	45.2558
291	4	0.54242	44.1693
292	4	0.5769	42.8484
293	4	0.63544	42.7218
294	4	0.65862	43.9152
295	4	0.6632	41.6733
296	4	0.67434	42.6223
297	4	0.68496	44.9193
298	4	0.68808	42.1977
299	4	0.69422	44.1642
300	4	0.6945	44.3143
301	4	0.55838	47.6561
302	4	0.55672	47.4746
303	4	0.55625	47.9243
304	4	0.54982	47.935
305	4	0.5445	45.4124
306	4	0.54289	46.3897
307	4	0.54039	44.9951
308	4	0.53475	45.0786
309	4	0.54078	44.8588
310	4	0.53613	44.4834
311	4	0.53758	43.9569
312	4	0.57347	43.2674
313	4	0.63433	43.9062
314	4	0.65433	44.3341
315	4	0.65997	42.749
316	4	0.66887	44.3471
317	4	0.68285	44.1886
318	4	0.6819	43.4478
319	4	0.68391	44.7724
320	4	0.55556	47.0313
321	4	0.55409	45.9793
322	4	0.54688	46.3547
323	4	0.54375	45.053
324	4	0.54	46.2329
325	4	0.53639	44.7075
326	4	0.53573	44.2166
327	4	0.53247	47.6592
328	4	0.52875	43.9475
329	4	0.53179	43.3776
330	4	0.56676	43.3658
331	4	0.62839	43.0776
332	4	0.65133	43.3783
333	4	0.6544	43.1332
334	4	0.66491	42.6775
335	4	0.66981	44.0774
336	4	0.67523	42.5128
337	4	0.67746	43.3901
338	4	0.54881	47.0495
339	4	0.54242	47.9712
340	4	0.53832	44.6742
341	4	0.53678	44.2224
342	4	0.53655	43.6793
343	4	0.52907	44.0677
344	4	0.5273	43.9477
345	4	0.52017	43.2201
346	4	0.52399	44.7515
347	4	0.56551	42.9158
348	4	0.62201	43.9148
349	4	0.64513	42.8283
350	4	0.6482	41.8193
351	4	0.65792	44.9463
352	4	0.66569	42.1305
353	4	0.6692	43.9196
354	4	0.54034	45.5811
355	4	0.53753	45.5629
356	4	0.53378	44.6837
357	4	0.53123	45.3186
358	4	0.52988	43.1793
359	4	0.52307	43.3456
360	4	0.51608	43.1306
361	4	0.51944	42.378
362	4	0.55582	42.6316
363	4	0.62052	42.3179
364	4	0.63852	41.3277
365	4	0.64553	42.6032
366	4	0.64771	42.0286
367	4	0.6622	43.7542
368	4	0.65923	41.272
369	4	0.53659	44.0623
370	4	0.5336	43.7377
371	4	0.5268	44.1091
372	4	0.52325	44.8781
373	4	0.51663	43.5517
374	4	0.51024	44.2755
375	4	0.51382	42.0129
376	4	0.54928	41.8027
377	4	0.60892	43.0305
378	4	0.63011	-2000
379	4	0.6378	42.8488
380	4	0.6383	42.4584
381	4	0.64592	43.8355
382	4	0.52637	45.894
383	4	0.52202	43.376
384	4	0.51792	43.2401
385	4	0.51199	42.1906
386	4	0.50731	43.4975
387	4	0.50425	42.8996
388	4	0.54402	41.7624
389	4	0.60497	42.9041
390	4	0.6274	42.4137
391	4	0.62546	40.8728
392	4	0.63066	42.1483
393	4	0.63686	42.9371
394	4	0.5191	42.1042
395	4	0.5098	44.5968
396	4	0.50658	42.2194
397	4	0.49723	43.4841
398	4	0.49508	43.261
399	4	0.53489	42.2325
400	4	0.59423	41.3716
401	4	0.61475	42.4045
402	4	0.61523	42.836
403	4	0.61559	43.5901
404	4	0.50334	42.9516
405	4	0.49529	41.6686
406	4	0.48935	42.5063
407	4	0.48674	42.286
408	4	0.51966	45.5618
409	4	0.58253	41.9774
410	4	0.60315	42.6419
411	4	0.60097	42.4866
412	4	0.59789	42.2335
413	4	0.48757	42.1101
414	4	0.48135	43.4729
415	4	0.47552	40.5883
416	4	0.50944	41.7543
417	4	0.57284	41.5689
418	4	0.58888	41.6031
419	4	0.58224	41.8209
420	4	0.46848	41.7217
421	4	0.46338	40.4681
422	4	0.49814	42.9409
423	4	0.5611	42.3561
424	4	0.57354	41.1362
425	4	0.56622	42.1804
426	4	0.45724	41.7527
427	4	0.4922	42.9925
428	4	0.54551	42.0733
429	4	0.56055	42.5729
430	4	0.51479	43.6281
431	4	0.56948	41.7405
432	4	0.58878	43.8391
433	4	0.62357	42.1767
434	4	0.56762	48.8148
435	4	0.56767	49.2628
436	4	0.56371	51.0901
437	4	0.56103	48.5678
438	4	0.55454	47.6363
439	4	0.55466	49.1314
440	4	0.55059	48.4137
441	4	0.54472	47.1172
442	4	0.54456	46.8923
443	4	0.54042	46.1449
444	4	0.53525	46.1339
445	4	0.53558	45.1604
446	4	0.54349	44.2242
447	4	0.58021	44.1561
448	4	0.6384	42.603
449	4	0.65996	45.29
450	4	0.66526	43.6552
451	4	0.6759	44.3944
452	4	0.68734	43.9061
453	4	0.6922	43.5693
454	4	0.69464	44.1909
455	4	0.69337	43.668
456	4	0.56493	50.0224
457	4	0.56242	49.1502
458	4	0.5571	48.3084
459	4	0.55368	47.4622
460	4	0.55237	48.5775
461	4	0.54868	46.5762
462	4	0.54552	46.3501
463	4	0.54126	46.1371
464	4	0.53682	47.6555
465	4	0.53303	45.5856
466	4	0.53334	44.6561
467	4	0.53926	44.5213
468	4	0.5757	43.5075
469	4	0.63469	42.8876
470	4	0.65439	44.4028
471	4	0.66255	42.8033
472	4	0.6677	45.4052
473	4	0.67965	44.3122
474	4	0.68503	44.7571
475	4	0.68386	43.9298
476	4	0.5578	48.4698
477	4	0.55669	48.413
478	4	0.55165	49.4784
479	4	0.54747	47.2995
480	4	0.54341	46.0921
481	4	0.54082	46.056
482	4	0.53514	47.837
483	4	0.53437	45.4675
484	4	0.53373	46.0994
485	4	0.53124	46.7761
486	4	0.53584	44.4598
487	4	0.5672	42.8432
488	4	0.63032	43.4646
489	4	0.65067	43.1856
490	4	0.65797	43.9524
491	4	0.66586	43.714
492	4	0.6736	42.4654
493	4	0.67556	43.2931
494	4	0.67865	44.0938
495	4	0.55361	47.4361
496	4	0.54927	45.6923
497	4	0.54649	45.7486
498	4	0.54069	48.407
499	4	0.5362	46.0272
500	4	0.5327	44.2728
501	4	0.53303	46.8768
502	4	0.52894	43.9281
503	4	0.52554	45.3568
504	4	0.52861	44.3281
505	4	0.56429	42.8742
506	4	0.62347	44.4046
507	4	0.64508	43.485
508	4	0.65268	43.2819
509	4	0.65692	42.7171
510	4	0.66512	43.3314
511	4	0.6698	45.1144
512	4	0.54694	46.8963
513	4	0.53819	45.5402
514	4	0.53555	44.7919
515	4	0.53289	45.2529
516	4	0.5311	44.7924
517	4	0.52471	45.1198
518	4	0.52486	43.9355
519	4	0.51787	47.7467
520	4	0.52397	43.3755
521	4	0.55606	43.7818
522	4	0.61785	43.6454
523	4	0.64101	44.2008
524	4	0.64184	42.935
525	4	0.64985	42.7229
526	4	0.66028	44.5773
527	4	0.65997	43.321
528	4	0.5346	45.229
529	4	0.53393	45.2822
530	4	0.53142	45.0949
531	4	0.52584	43.3814
532	4	0.52403	43.761
533	4	0.51857	43.9625
534	4	0.51668	43.8882
535	4	0.51742	42.5342
536	4	0.5508	44.5622
537	4	0.60734	41.6325
538	4	0.63182	43.7853
539	4	0.6373	42.7432
540	4	0.63854	43.1313
541	4	0.64801	42.9519
542	4	0.52996	44.328
543	4	0.5271	44.399
544	4	0.52375	44.0267
545	4	0.51702	45.3254
546	4	0.50854	44.8993
547	4	0.50476	42.9515
548	4	0.51108	43.537
549	4	0.54228	42.4383
550	4	0.60454	43.6543
551	4	0.62656	42.1869
552	4	0.62744	42.6376
553	4	0.63011	43.1986
554	4	0.63714	42.959
555	4	0.52296	44.2666
556	4	0.51585	43.7478
557	4	0.5123	45.2938
558	4	0.50272	43.1781
559	4	0.49617	43.5361
560	4	0.50114	42.2354
561	4	0.53719	42.2639
562	4	0.59326	42.6541
563	4	0.61442	42.8199
564	4	0.61658	42.787
565	4	0.61947	43.0833
566	4	0.51187	42.7297
567	4	0.50304	43.1325
568	4	0.49592	41.9229
569	4	0.49095	44.0601
570	4	0.49012	41.2994
571	4	0.52657	41.9275
572	4	0.58657	44.8301
573	4	0.6076	41.7637
574	4	0.60232	41.3721
575	4	0.59778	45.1777
576	4	0.49746	43.2033
577	4	0.48805	44.2164
578	4	0.47975	42.7689
579	4	0.48139	42.624
580	4	0.51131	42.2052
581	4	0.57358	43.3916
582	4	0.59462	43.5671
583	4	0.58217	41.9347
584	4	0.47888	41.2749
585	4	0.46783	42.281
586	4	0.46425	41.2333
587	4	0.50477	41.7696
588	4	0.55825	41.4407
589	4	0.57117	41.7835
590	4	0.56782	42.1673
591	4	0.45993	42.6201
592	4	0.4588	42.9909
593	4	0.48867	41.9922
594	4	0.54018	42.4438
595	4	0.5584	44.342
596	4	0.446	44.7105
597	4	0.4731	41.7954
598	4	0.53214	43.4823
599	4	0.55569	42.2987
600	4	0.50032	42.6135
601	4	0.5615	42.4542
602	4	0.59444	44.0177
603	4	0.56189	50.1913
604	4	0.55687	48.4006
605	4	0.55461	48.5925
606	4	0.55013	47.8005
607	4	0.54942	47.4903
608	4	0.54239	47.2008
609	4	0.53927	47.0276
610	4	0.53482	47.2902
611	4	0.53072	47.2274
612	4	0.52819	44.5593
613	4	0.53061	44.8807
614	4	0.53548	44.3546
615	4	0.57253	43.7307
616	4	0.62834	43.9841
617	4	0.65348	42.5647
618	4	0.65721	43.1468
619	4	0.66329	43.3296
620	4	0.67263	43.4677
621	4	0.67856	43.2263
622	4	0.67777	43.976
623	4	0.55445	48.3325
624	4	0.55061	48.2267
625	4	0.54895	48.3238
626	4	0.54308	48.0301
627	4	0.54174	45.9469
628	4	0.53033	46.0821
629	4	0.52933	45.5786
630	4	0.52676	45.5577
631	4	0.52768	44.5667
632	4	0.52616	43.4774
633	4	0.52863	44.0951
634	4	0.56682	43.1459
635	4	0.62415	42.6668
636	4	0.64779	44.123
637	4	0.65197	43.7151
638	4	0.65721	43.2816
639	4	0.66571	43.0771
640	4	0.66751	44.0924
641	4	0.54701	46.6985
642	4	0.54286	46.6445
643	4	0.54041	45.4628
644	4	0.53747	46.4515
645	4	0.5308	45.2578
646	4	0.52683	45.9602
647	4	0.5255	44.8899
648	4	0.52374	44.4608
649	4	0.52302	43.392
650	4	0.52499	43.4708
651	4	0.55904	43.2092
652	4	0.62033	42.7328
653	4	0.64079	42.588
654	4	0.64346	44.9723
655	4	0.64928	43.9663
656	4	0.66053	42.2446
657	4	0.66172	42.4207
658	4	0.54044	46.5977
659	4	0.53189	46.7795
660	4	0.53195	45.2511
661	4	0.53014	44.9728
662	4	0.52575	44.4478
663	4	0.51849	44.7476
664	4	0.51955	44.4457
665	4	0.51794	43.8169
666	4	0.51601	43.4847
667	4	0.55413	41.9571
668	4	0.61235	41.7025
669	4	0.63485	42.1837
670	4	0.63572	42.6144
671	4	0.64199	43.0478
672	4	0.65036	43.3997
673	4	0.53211	46.4064
674	4	0.53109	44.864
675	4	0.52396	43.7911
676	4	0.51884	43.5772
677	4	0.51941	44.1398
678	4	0.51457	42.7394
679	4	0.50838	43.5847
680	4	0.51258	42.9715
681	4	0.54475	41.5981
682	4	0.6047	41.9842
683	4	0.62412	42.279
684	4	0.62782	43.495
685	4	0.63103	43.374
686	4	0.63751	44.126
687	4	0.52696	45.1282
688	4	0.52064	44.0742
689	4	0.51454	44.595
690	4	0.51154	42.6262
691	4	0.50461	42.383
692	4	0.50185	42.8324
693	4	0.50094	43.3853
694	4	0.53787	42.665
695	4	0.59949	42.3875
696	4	0.61544	41.2309
697	4	0.61656	43.0242
698	4	0.61754	41.9982
699	4	0.51475	42.9847
700	4	0.50796	43.5481
701	4	0.50319	43.182
702	4	0.49653	43.6995
703	4	0.49106	43.3315
704	4	0.49298	42.081
705	4	0.52812	41.6052
706	4	0.58507	41.9134
707	4	0.60819	43.338
708	4	0.60229	42.8446
709	4	0.59899	42.7177
710	4	0.50442	43.0589
711	4	0.49689	42.141
712	4	0.48911	43.0833
713	4	0.48458	42.2022
714	4	0.4788	41.9919
715	4	0.51579	41.4546
716	4	0.57367	42.2613
717	4	0.594	43.9128
718	4	0.58277	42.5698
719	4	0.49002	43.433
720	4	0.48224	42.1542
721	4	0.47089	43.4984
722	4	0.4708	43.0122
723	4	0.49814	41.2943
724	4	0.55992	43.0305
725	4	0.57347	43.1904
726	4	0.56744	42.5999
727	4	0.47063	42.3054
728	4	0.46218	42.1229
729	4	0.45681	42.3955
730	4	0.48467	41.7639
731	4	0.53864	42.1088
732	4	0.55719	42.3445
733	4	0.45275	41.9082
734	4	0.44103	44.0948
735	4	0.46301	41.7652
736	4	0.52758	42.9155
737	4	0.54863	43.1984
738	4	0.4234	43.3943
739	4	0.45417	42.645
740	4	0.51849	42.8977
741	4	0.48652	42.6283
742	4	0.52665	43.3378
743	4	0.55421	46.9528
744	4	0.54812	48.2213
745	4	0.5405	47.6593
746	4	0.53784	46.445
747	4	0.53373	46.0419
748	4	0.53347	45.1572
749	4	0.52904	45.3193
750	4	0.5239	44.1489
751	4	0.52379	43.765
752	4	0.52148	43.103
753	4	0.52406	44.7816
754	4	0.55994	42.7815
755	4	0.61802	43.9085
756	4	0.64131	41.6859
757	4	0.64491	42.3246
758	4	0.6482	44.2634
759	4	0.65664	42.1676
760	4	0.6639	42.4272
761	4	0.5444	46.1241
762	4	0.53844	46.5853
763	4	0.53414	45.4491
764	4	0.5293	44.0275
765	4	0.52923	44.3658
766	4	0.52208	44.5277
767	4	0.52321	43.3827
768	4	0.51884	43.9447
769	4	0.51887	43.0882
770	4	0.51875	44.1624
771	4	0.55044	42.016
772	4	0.61403	42.3628
773	4	0.63248	42.7894
774	4	0.63566	43.1485
775	4	0.63973	41.8641
776	4	0.64973	42.4811
777	4	0.53463	46.1837
778	4	0.52885	44.2789
779	4	0.52588	45.11
780	4	0.5232	44.3553
781	4	0.52087	44.3277
782	4	0.51711	44.1406
783	4	0.51469	44.5211
784	4	0.50919	41.8128
785	4	0.50937	41.9535
786	4	0.54465	42.1162
787	4	0.60546	42.1968
788	4	0.62752	43.0545
789	4	0.6265	41.9104
790	4	0.63096	42.4411
791	4	0.63876	43.3559
792	4	0.52747	44.8655
793	4	0.52857	45.4197
794	4	0.52121	43.5681
795	4	0.51367	44.2498
796	4	0.50877	41.9708
797	4	0.50836	42.5408
798	4	0.50386	42.2545
799	4	0.50172	42.8997
800	4	0.53722	42.9914
801	4	0.59603	42.1816
802	4	0.61786	42.4409
803	4	0.61609	42.3805
804	4	0.61753	42.0128
805	4	0.52139	43.774
806	4	0.51685	42.2999
807	4	0.51004	43.1422
808	4	0.502	41.9209
809	4	0.49972	43.3165
810	4	0.49467	43.6851
811	4	0.49217	42.5899
812	4	0.52683	42.5545
813	4	0.5833	40.8276
814	4	0.60683	42.7672
815	4	0.60543	41.4669
816	4	0.59936	44.5343
817	4	0.50798	43.3892
818	4	0.50437	44.2002
819	4	0.49812	41.9534
820	4	0.4917	42.5632
821	4	0.48582	42.4819
822	4	0.48033	42.2979
823	4	0.51236	42.7167
824	4	0.57433	42.1293
825	4	0.59536	42.8196
826	4	0.58347	41.3842
827	4	0.49705	42.4072
828	4	0.48925	42.301
829	4	0.48337	41.1721
830	4	0.47491	42.4336
831	4	0.46649	42.1634
832	4	0.50412	42.4578
833	4	0.56065	41.4994
834	4	0.57242	43.7761
835	4	0.56659	43.372
836	4	0.48179	42.133
837	4	0.47467	41.7978
838	4	0.46235	41.7234
839	4	0.45733	44.0002
840	4	0.48696	41.1236
841	4	0.53981	43.3197
842	4	0.55779	42.8785
843	4	0.4638	42.5626
844	4	0.45005	42.5057
845	4	0.44206	41.2879
846	4	0.46435	41.1633
847	4	0.52496	41.4207
848	4	0.54757	43.7051
849	4	0.43507	41.4227
850	4	0.4155	42.966
851	4	0.44722	41.9784
852	4	0.51658	42.6157
853	4	0.40502	42.5797
854	4	0.43617	43.9743
855	4	0.48162	43.632
856	4	0.4453	42.9625
857	4	0.53944	46.2548
858	4	0.53609	44.8228
859	4	0.53053	44.8522
860	4	0.52546	44.7896
861	4	0.52249	43.2449
862	4	0.51909	43.0867
863	4	0.51872	43.5335
864	4	0.51517	42.3957
865	4	0.50996	42.3835
866	4	0.5116	42.5857
867	4	0.54527	41.8919
868	4	0.60273	42.5159
869	4	0.6265	41.981
870	4	0.62678	41.2071
871	4	0.63136	41.2557
872	4	0.63401	42.347
873	4	0.5321	44.1775
874	4	0.52721	43.8911
875	4	0.5212	44.0484
876	4	0.51932	43.6809
877	4	0.51786	42.7706
878	4	0.51338	41.6253
879	4	0.50863	41.585
880	4	0.50317	43.1068
881	4	0.5027	42.1279
882	4	0.53923	41.3431
883	4	0.59686	41.2649
884	4	0.61708	43.229
885	4	0.61854	41.4272
886	4	0.61755	42.4008
887	4	0.52163	43.6315
888	4	0.51932	43.2687
889	4	0.51429	43.0585
890	4	0.50921	41.8879
891	4	0.50602	41.957
892	4	0.50339	42.3147
893	4	0.49545	41.578
894	4	0.4945	42.4836
895	4	0.52653	42.0357
896	4	0.58378	41.8959
897	4	0.60678	41.4645
898	4	0.60377	43.1047
899	4	0.59845	41.5671
900	4	0.51291	43.0794
901	4	0.51075	42.8587
902	4	0.50261	42.4997
903	4	0.49891	41.7233
904	4	0.49356	42.3394
905	4	0.48607	40.7535
906	4	0.48001	42.0031
907	4	0.51492	42.1332
908	4	0.57396	41.3728
909	4	0.58937	42.7574
910	4	0.58547	41.4831
911	4	0.50155	42.1118
912	4	0.49707	42.0381
913	4	0.49291	41.057
914	4	0.48305	42.9158
915	4	0.47344	40.8461
916	4	0.46814	41.4195
917	4	0.50426	40.7296
918	4	0.56126	42.2914
919	4	0.57182	42.3761
920	4	0.56741	43.9224
921	4	0.49076	40.9392
922	4	0.48181	41.3839
923	4	0.47224	42.0848
924	4	0.46321	41.5337
925	4	0.45664	42.4343
926	4	0.48536	40.8403
927	4	0.54057	41.1036
928	4	0.55477	41.0757
929	4	0.47387	42.0898
930	4	0.46284	42.165
931	4	0.45417	41.3739
932	4	0.44068	42.9963
933	4	0.46428	41.21
934	4	0.52234	42.1432
935	4	0.54795	43.1927
936	4	0.45028	41.4495
937	4	0.43617	40.807
938	4	0.4165	41.1078
939	4	0.44522	42.1754
940	4	0.5109	42.7802
941	4	0.40775	42.2278
942	4	0.3957	42.3184
943	4	0.43593	41.7948
944	4	0.47704	42.5118
945	4	0.38497	42.7514
946	4	0.39487	42.8006
947	4	0.35463	43.4794
948	4	0.52675	43.9963
949	4	0.52156	43.1631
950	4	0.51578	43.7921
951	4	0.51135	42.0025
952	4	0.50992	41.6617
953	4	0.50808	41.5106
954	4	0.49884	42.1518
955	4	0.49641	41.2923
956	4	0.49371	41.4406
957	4	0.52914	40.5963
958	4	0.5851	41.4412
959	4	0.60273	41.9011
960	4	0.60298	40.8785
961	4	0.59905	41.8449
962	4	0.51822	44.312
963	4	0.51116	44.7806
964	4	0.50934	42.0734
965	4	0.50568	42.3099
966	4	0.50109	41.0465
967	4	0.49144	41.5747
968	4	0.48463	42.363
969	4	0.4796	42.6177
970	4	0.51517	40.863
971	4	0.57376	41.3766
972	4	0.59105	41.8194
973	4	0.58428	41.6753
974	4	0.50628	42.4398
975	4	0.50178	41.8843
976	4	0.49923	41.5985
977	4	0.4932	41.238
978	4	0.47953	42.0724
979	4	0.47299	41.5993
980	4	0.46876	40.5629
981	4	0.50053	40.5161
982	4	0.55922	40.7807
983	4	0.57136	40.678
984	4	0.56998	41.1163
985	4	0.49691	41.1443
986	4	0.49279	40.3228
987	4	0.48126	41.2697
988	4	0.47352	40.9759
989	4	0.46449	40.5725
990	4	0.45557	40.718
991	4	0.48473	41.6808
992	4	0.53791	40.5837
993	4	0.55765	41.9761
994	4	0.48282	41.4633
995	4	0.47415	40.4051
996	4	0.46395	39.6915
997	4	0.45122	40.6278
998	4	0.44029	41.2627
999	4	0.46336	40.9569
1000	4	0.52274	41.7208
1001	4	0.54685	41.132
1002	4	0.46307	40.4245
1003	4	0.45199	41.0675
1004	4	0.43144	42.3585
1005	4	0.41614	41.1575
1006	4	0.44523	40.8013
1007	4	0.51261	41.145
1008	4	0.43518	40.6439
1009	4	0.40819	40.5328
1010	4	0.39446	41.2969
1011	4	0.43078	41.5251
1012	4	0.4724	42.3216
1013	4	0.38582	41.1292
1014	4	0.3803	41.3127
1015	4	0.38796	43.4162
1016	4	0.33904	41.463
1017	4	0.29169	41.2838
1018	4	0.5102	42.7444
1019	4	0.50958	41.7702
1020	4	0.50685	40.4796
1021	4	0.49947	40.8348
1022	4	0.49425	41.4885
1023	4	0.48288	41.4091
1024	4	0.47381	40.8693
1025	4	0.46676	40.234
1026	4	0.50149	41.3236
1027	4	0.55899	40.919
1028	4	0.57202	41.4438
1029	4	0.56934	42.8967
1030	4	0.50104	40.4237
1031	4	0.49942	41.7242
1032	4	0.48939	42.1308
1033	4	0.48464	39.8002
1034	4	0.47254	41.1597
1035	4	0.46305	40.5411
1036	4	0.45569	40.1098
1037	4	0.48497	40.1201
1038	4	0.53898	41.633
1039	4	0.55815	41.6313
1040	4	0.4895	40.4664
1041	4	0.48886	40.2155
1042	4	0.4756	40.1901
1043	4	0.46074	40.7812
1044	4	0.45394	40.1909
1045	4	0.43805	40.4733
1046	4	0.46274	41.1585
1047	4	0.52756	41.3827
1048	4	0.54841	40.138
1049	4	0.47469	40.6268
1050	4	0.46429	40.3009
1051	4	0.4491	40.8697
1052	4	0.43385	41.4453
1053	4	0.4155	40.7302
1054	4	0.44107	41.3676
1055	4	0.51142	41.8615
1056	4	0.44786	40.2857
1057	4	0.42968	41.493
1058	4	0.4085	42.6709
1059	4	0.39286	42.0574
1060	4	0.42894	42.074
1061	4	0.47236	41.0158
1062	4	0.4052	41.2619
1063	4	0.38598	40.4517
1064	4	0.37679	41.5374
1065	4	0.38502	41.5735
1066	4	0.37058	42.6509
1067	4	0.33065	43.6145
1068	4	0.28026	41.2181
1069	4	0.22361	41.1848
1070	4	0.49914	41.9262
1071	4	0.49142	40.8694
1072	4	0.48387	40.8242
1073	4	0.47537	39.6636
1074	4	0.46551	39.6107
1075	4	0.45421	40.408
1076	4	0.44054	40.8404
1077	4	0.4664	40.0544
1078	4	0.52153	41.9798
1079	4	0.54268	40.9437
1080	4	0.48494	40.7907
1081	4	0.47367	40.3548
1082	4	0.46394	41.1342
1083	4	0.44769	39.9845
1084	4	0.43236	40.2788
1085	4	0.41153	40.6482
1086	4	0.44388	41.4127
1087	4	0.5084	40.7424
1088	4	0.46202	40.8634
1089	4	0.44888	40.6615
1090	4	0.4326	40.3076
1091	4	0.40774	40.5493
1092	4	0.39401	40.8163
1093	4	0.43078	41.9151
1094	4	0.47278	40.6493
1095	4	0.43401	40.1555
1096	4	0.40558	40.8314
1097	4	0.38387	40.7029
1098	4	0.37642	42.8442
1099	4	0.38479	40.4101
1100	4	0.38382	41.5909
1101	4	0.37068	41.6137
1102	4	0.3276	41.2788
1103	4	0.2813	41.6719
1104	4	0.32117	41.363
1105	4	0.21563	42.0954
1106	4	0.15194	40.7097
1107	4	0.47479	39.9021
1108	4	0.46253	40.2134
1109	4	0.45032	40.6432
1110	4	0.42963	40.4099
1111	4	0.41053	40.1919
1112	4	0.39223	40.444
1113	4	0.42481	41.0589
1114	4	0.47149	41.2935
1115	4	0.45065	39.8126
1116	4	0.43139	40.2897
1117	4	0.40455	40.311
1118	4	0.38227	42.0581
1119	4	0.37318	41.7737
1120	4	0.38259	40.6889
1121	4	0.40388	40.6923
1122	4	0.38312	40.9975
1123	4	0.36803	42.6512
1124	4	0.3256	41.3546
1125	4	0.28199	40.7446
1126	4	0.36661	42.2991
1127	4	0.3178	41.4185
1128	4	0.21288	42.1341
1129	4	0.20341	39.693
1130	4	0.14089	40.2149
1131	4	0.43095	39.5556
1132	4	0.40661	40.8009
1133	4	0.38378	39.7931
1134	4	0.36615	41.0451
1135	4	0.32488	40.6455
1136	4	0.2804	41.2561
1137	4	0.38214	41.1058
1138	4	0.36536	41.1916
1139	4	0.31854	41.7246
1140	4	0.21253	40.3362
1141	4	0.31856	41.215
1142	4	0.204	40.4345
1143	4	0.13705	41.4768
1144	4	0.12791	40.5222
1145	4	0.36486	40.9272
1146	4	0.31368	41.3385
1147	4	0.19957	40.2744
1148	4	0.13717	41.106
1149	4	0.20114	40.704
1150	4	0.12801	41.6821
1151	4	0.11692	41.0483
1152	4	0.12704	40.3146
1153	4	0.11808	41.8745
1154	5	0.57682	56.4394
1155	5	0.57179	58.3923
1156	5	0.5716	57.4713
1157	5	0.56582	56.5156
1158	5	0.5635	57.2085
1159	5	0.56149	55.8436
1160	5	0.55609	55.5865
1161	5	0.55381	54.9345
1162	5	0.54915	54.3904
1163	5	0.54727	53.5808
1164	5	0.54126	54.6069
1165	5	0.54461	53.1779
1166	5	0.53632	53.5139
1167	5	0.54191	50.9865
1168	5	0.58422	49.4645
1169	5	0.64036	48.8143
1170	5	0.66466	48.1505
1171	5	0.66719	47.9218
1172	5	0.67811	47.8301
1173	5	0.68965	48.7956
1174	5	0.6955	47.8046
1175	5	0.69611	47.9591
1176	5	0.69791	48.5468
1177	5	0.56838	60.9521
1178	5	0.56879	59.3322
1179	5	0.56445	58.6063
1180	5	0.56141	57.4619
1181	5	0.55717	57.6306
1182	5	0.55298	56.7226
1183	5	0.54866	55.7188
1184	5	0.54993	55.7535
1185	5	0.54307	55.8236
1186	5	0.53846	54.6449
1187	5	0.53876	55.2077
1188	5	0.53356	54.1119
1189	5	0.5411	52.4079
1190	5	0.5809	50.0963
1191	5	0.63515	49.4
1192	5	0.6589	49.8707
1193	5	0.66553	48.9846
1194	5	0.6755	48.9492
1195	5	0.68641	49.4158
1196	5	0.69151	49.1218
1197	5	0.69422	48.6846
1198	5	0.69669	50.3304
1199	5	0.56375	58.2449
1200	5	0.56071	58.1736
1201	5	0.55693	58.2266
1202	5	0.55487	56.809
1203	5	0.54979	56.4204
1204	5	0.54699	56.0898
1205	5	0.5454	55.6305
1206	5	0.54129	55.4482
1207	5	0.53292	55.1941
1208	5	0.53134	53.4314
1209	5	0.53135	53.0071
1210	5	0.53812	51.0635
1211	5	0.57586	50.6518
1212	5	0.63302	49.3593
1213	5	0.6569	48.7986
1214	5	0.66138	48.2559
1215	5	0.66906	48.8285
1216	5	0.68228	48.9233
1217	5	0.68577	48.7862
1218	5	0.68119	49.8611
1219	5	0.55874	57.3654
1220	5	0.55247	57.4794
1221	5	0.55082	57.1319
1222	5	0.54685	55.3815
1223	5	0.54301	56.5644
1224	5	0.54022	55.1744
1225	5	0.53533	54.173
1226	5	0.53226	54.2042
1227	5	0.52846	53.0235
1228	5	0.52903	51.9526
1229	5	0.53293	51.823
1230	5	0.57186	50.6954
1231	5	0.62973	47.643
1232	5	0.65107	48.521
1233	5	0.65962	48.8012
1234	5	0.66544	49.8199
1235	5	0.67397	49.4811
1236	5	0.68111	48.8579
1237	5	0.67586	49.0156
1238	5	0.54873	56.8
1239	5	0.54999	55.9315
1240	5	0.54194	56.74
1241	5	0.53957	56.1867
1242	5	0.53223	54.5043
1243	5	0.53211	53.639
1244	5	0.53384	52.5906
1245	5	0.52773	52.9608
1246	5	0.52383	51.2523
1247	5	0.52974	50.7867
1248	5	0.56966	49.6565
1249	5	0.62717	48.0572
1250	5	0.64809	48.899
1251	5	0.64968	48.0741
1252	5	0.65798	47.8732
1253	5	0.66782	48.0157
1254	5	0.67285	47.6565
1255	5	0.54253	56.0542
1256	5	0.53867	54.5523
1257	5	0.53676	53.9935
1258	5	0.53689	53.4675
1259	5	0.53078	53.3034
1260	5	0.52491	51.7828
1261	5	0.5219	52.4937
1262	5	0.51788	51.4141
1263	5	0.52142	50.3228
1264	5	0.56075	49.127
1265	5	0.61895	47.9293
1266	5	0.63973	47.4689
1267	5	0.64239	47.9973
1268	5	0.64934	47.3799
1269	5	0.6588	47.4145
1270	5	0.66375	47.8939
1271	5	0.53613	54.7461
1272	5	0.53431	52.7781
1273	5	0.53302	51.9047
1274	5	0.52385	51.5416
1275	5	0.5257	50.7733
1276	5	0.51629	50.7558
1277	5	0.51156	51.0486
1278	5	0.51412	50.2705
1279	5	0.5551	48.9329
1280	5	0.61393	47.6132
1281	5	0.63569	47.4469
1282	5	0.63853	47.6491
1283	5	0.64318	47.1234
1284	5	0.64909	47.1531
1285	5	0.52876	53.3912
1286	5	0.52541	51.7881
1287	5	0.52216	51.9055
1288	5	0.51615	50.7182
1289	5	0.51067	51.7457
1290	5	0.50438	50.0559
1291	5	0.5073	49.1041
1292	5	0.54329	46.9513
1293	5	0.60349	47.2815
1294	5	0.62568	47.0997
1295	5	0.62305	46.3867
1296	5	0.63167	46.6333
1297	5	0.63563	46.8954
1298	5	0.52061	50.4219
1299	5	0.51648	51.0241
1300	5	0.50735	51.1391
1301	5	0.50173	50.7375
1302	5	0.49735	49.2302
1303	5	0.49763	48.1083
1304	5	0.5409	48.0328
1305	5	0.59742	46.3077
1306	5	0.61231	45.9652
1307	5	0.61609	45.6463
1308	5	0.61724	45.7827
1309	5	0.51257	49.9428
1310	5	0.50423	49.4447
1311	5	0.4969	49.7142
1312	5	0.48861	49.3757
1313	5	0.48892	47.4775
1314	5	0.52532	46.5065
1315	5	0.5866	47.1823
1316	5	0.60299	46.5369
1317	5	0.6048	46.0888
1318	5	0.59777	45.8135
1319	5	0.49479	49.2237
1320	5	0.48882	49.6445
1321	5	0.47764	49.2453
1322	5	0.47993	48.1241
1323	5	0.51378	46.3121
1324	5	0.57636	45.8425
1325	5	0.59151	45.5356
1326	5	0.58361	45.2027
1327	5	0.47611	48.5998
1328	5	0.46892	47.6212
1329	5	0.46376	47.5004
1330	5	0.50153	45.9655
1331	5	0.56233	45.1221
1332	5	0.57132	45.1783
1333	5	0.56735	45.2059
1334	5	0.45349	47.5506
1335	5	0.45237	47.1139
1336	5	0.48741	45.5212
1337	5	0.54199	45.363
1338	5	0.55679	44.567
1339	5	0.44332	45.7405
1340	5	0.4738	44.5572
1341	5	0.52998	44.0817
1342	5	0.55392	44.1239
1343	5	0.50028	44.1083
1344	5	0.5618	45.3448
1345	5	0.59957	44.1097
1346	5	0.56819	61.4402
1347	5	0.56364	61.2157
1348	5	0.56084	60.1255
1349	5	0.55821	59.6014
1350	5	0.55799	58.7136
1351	5	0.55032	57.6991
1352	5	0.5489	57.0094
1353	5	0.54386	57.9938
1354	5	0.53749	58.3463
1355	5	0.53622	56.3235
1356	5	0.53129	56.9834
1357	5	0.53027	54.3187
1358	5	0.54142	52.9646
1359	5	0.57724	50.5437
1360	5	0.63255	50.379
1361	5	0.65533	49.9526
1362	5	0.66181	50.1504
1363	5	0.67081	50.2856
1364	5	0.67896	49.8661
1365	5	0.68368	50.3161
1366	5	0.68695	51.1302
1367	5	0.56115	60.4749
1368	5	0.55986	58.7112
1369	5	0.55449	59.4637
1370	5	0.54982	59.0471
1371	5	0.54776	57.7426
1372	5	0.54292	56.972
1373	5	0.54147	56.3137
1374	5	0.53946	55.8221
1375	5	0.53158	55.1152
1376	5	0.53237	55.4084
1377	5	0.52867	53.6714
1378	5	0.53496	51.108
1379	5	0.57422	50.4801
1380	5	0.63002	50.3258
1381	5	0.6512	49.0386
1382	5	0.65821	50.7788
1383	5	0.66358	49.2997
1384	5	0.67409	49.434
1385	5	0.67859	50.0412
1386	5	0.67943	49.8191
1387	5	0.55442	59.1121
1388	5	0.5523	58.8523
1389	5	0.54943	57.9531
1390	5	0.54179	57.5219
1391	5	0.53786	55.9213
1392	5	0.53735	57.2367
1393	5	0.53071	54.7463
1394	5	0.52909	55.4187
1395	5	0.52731	53.6051
1396	5	0.52451	52.8817
1397	5	0.52877	51.7926
1398	5	0.56682	50.4956
1399	5	0.62589	49.9559
1400	5	0.64909	49.3856
1401	5	0.65123	49.479
1402	5	0.65866	49.3333
1403	5	0.66704	49.4558
1404	5	0.67219	49.3286
1405	5	0.54528	57.8703
1406	5	0.54469	58.3301
1407	5	0.53957	56.5142
1408	5	0.5338	56.8553
1409	5	0.53004	54.6681
1410	5	0.5295	55.4668
1411	5	0.52728	54.5353
1412	5	0.5216	53.088
1413	5	0.51771	52.0753
1414	5	0.52342	52.0572
1415	5	0.56568	50.8374
1416	5	0.61894	49.8101
1417	5	0.64182	49.0976
1418	5	0.64661	49.6076
1419	5	0.64953	50.5595
1420	5	0.65728	49.0568
1421	5	0.66348	48.5212
1422	5	0.53913	56.9632
1423	5	0.53388	56.1864
1424	5	0.53005	54.6628
1425	5	0.5303	53.9811
1426	5	0.52465	53.3924
1427	5	0.52008	53.5679
1428	5	0.51553	52.3388
1429	5	0.51565	51.4157
1430	5	0.51554	50.0898
1431	5	0.55625	49.2809
1432	5	0.60961	48.7819
1433	5	0.63749	48.9251
1434	5	0.6324	48.0158
1435	5	0.64117	49.2142
1436	5	0.64969	48.2015
1437	5	0.52782	54.6021
1438	5	0.52732	54.2176
1439	5	0.52619	54.1159
1440	5	0.52212	53.0269
1441	5	0.51546	51.7731
1442	5	0.51371	52.2564
1443	5	0.50667	51.0275
1444	5	0.51027	50.0946
1445	5	0.54773	48.9876
1446	5	0.60365	47.9639
1447	5	0.62617	48.4914
1448	5	0.62771	47.4424
1449	5	0.63038	48.4433
1450	5	0.6364	47.8418
1451	5	0.52537	53.5276
1452	5	0.52267	52.4954
1453	5	0.51699	52.8321
1454	5	0.51207	51.8055
1455	5	0.50544	50.9886
1456	5	0.5026	51.4515
1457	5	0.50119	50.0416
1458	5	0.54151	48.3717
1459	5	0.59826	48.577
1460	5	0.6183	47.4945
1461	5	0.61769	47.0077
1462	5	0.62256	47.2075
1463	5	0.51653	51.9347
1464	5	0.50973	51.5391
1465	5	0.5025	50.7087
1466	5	0.4984	49.8068
1467	5	0.48866	49.5688
1468	5	0.49221	49.2518
1469	5	0.52864	47.1964
1470	5	0.58619	47.9338
1471	5	0.60541	46.6336
1472	5	0.60322	46.2377
1473	5	0.60164	47.1196
1474	5	0.50395	50.6554
1475	5	0.49812	51.3741
1476	5	0.48928	49.7583
1477	5	0.48349	50.1252
1478	5	0.47992	48.8366
1479	5	0.51507	47.9633
1480	5	0.57707	47.4256
1481	5	0.59217	46.4831
1482	5	0.58475	47.2486
1483	5	0.48675	50.472
1484	5	0.48008	49.4491
1485	5	0.46975	49.3441
1486	5	0.4674	47.9986
1487	5	0.5054	47.062
1488	5	0.56184	46.2072
1489	5	0.57165	46.1154
1490	5	0.56727	46.9797
1491	5	0.46912	50.0908
1492	5	0.45806	49.125
1493	5	0.45471	47.1389
1494	5	0.48903	47.341
1495	5	0.53778	46.2853
1496	5	0.56098	46.4924
1497	5	0.44527	47.7908
1498	5	0.44039	48.2519
1499	5	0.46507	46.8434
1500	5	0.52577	45.9648
1501	5	0.54621	44.9114
1502	5	0.42391	45.1271
1503	5	0.45627	45.3355
1504	5	0.52253	44.5522
1505	5	0.49262	44.5201
1506	5	0.52989	44.0821
1507	5	0.55833	60.3078
1508	5	0.55766	59.2001
1509	5	0.551	60.5582
1510	5	0.54814	58.1807
1511	5	0.5414	57.7623
1512	5	0.53939	57.4224
1513	5	0.53727	56.6316
1514	5	0.53221	55.5855
1515	5	0.52672	54.8721
1516	5	0.52596	54.8093
1517	5	0.52853	52.6473
1518	5	0.53048	50.9962
1519	5	0.56981	50.5122
1520	5	0.62581	49.8001
1521	5	0.64691	49.114
1522	5	0.64997	49.7204
1523	5	0.65914	49.4074
1524	5	0.66665	50.4585
1525	5	0.67166	50.8333
1526	5	0.54999	60.2287
1527	5	0.54805	57.9752
1528	5	0.54209	58.1988
1529	5	0.54075	57.1193
1530	5	0.53645	56.4673
1531	5	0.53537	55.4074
1532	5	0.52807	55.1209
1533	5	0.52729	54.3655
1534	5	0.52513	53.9859
1535	5	0.52312	54.0101
1536	5	0.52621	51.7704
1537	5	0.56219	50.1665
1538	5	0.62021	49.578
1539	5	0.64245	49.5698
1540	5	0.64553	50.1857
1541	5	0.6476	48.6352
1542	5	0.65883	49.8642
1543	5	0.66284	49.3032
1544	5	0.54297	57.5222
1545	5	0.54023	56.4525
1546	5	0.53603	56.4359
1547	5	0.53207	56.6508
1548	5	0.52659	54.9599
1549	5	0.52396	54.3755
1550	5	0.52222	54.4095
1551	5	0.51972	52.1758
1552	5	0.51576	51.7963
1553	5	0.51677	51.0389
1554	5	0.55406	50.0761
1555	5	0.61191	48.2894
1556	5	0.63416	48.3624
1557	5	0.63612	47.8197
1558	5	0.64355	48.1242
1559	5	0.64906	49.0937
1560	5	0.5352	56.3417
1561	5	0.53114	56.3703
1562	5	0.52832	54.9798
1563	5	0.52325	54.3206
1564	5	0.51944	53.0735
1565	5	0.51669	53.6275
1566	5	0.51197	51.9009
1567	5	0.50797	51.5684
1568	5	0.51097	50.1878
1569	5	0.5505	49.3189
1570	5	0.60596	48.6846
1571	5	0.62692	48.4984
1572	5	0.6255	48.3362
1573	5	0.63371	47.9964
1574	5	0.63747	48.9707
1575	5	0.52755	54.357
1576	5	0.52875	54.4622
1577	5	0.52223	52.5315
1578	5	0.51802	52.0755
1579	5	0.51057	51.0015
1580	5	0.50672	50.7394
1581	5	0.50261	50.5472
1582	5	0.50266	49.6116
1583	5	0.53999	49.1567
1584	5	0.59547	48.6815
1585	5	0.61488	47.6854
1586	5	0.62036	47.5256
1587	5	0.62005	49.331
1588	5	0.5221	53.0065
1589	5	0.51804	53.5407
1590	5	0.51005	52.833
1591	5	0.50205	50.7947
1592	5	0.49851	50.6469
1593	5	0.49168	49.3218
1594	5	0.49436	48.7971
1595	5	0.52797	47.6186
1596	5	0.5862	47.163
1597	5	0.60784	46.8623
1598	5	0.60355	46.6559
1599	5	0.60028	47.2418
1600	5	0.51021	51.2315
1601	5	0.50314	51.0826
1602	5	0.4977	50.3733
1603	5	0.49131	50.4415
1604	5	0.48697	50.0313
1605	5	0.48213	48.3129
1606	5	0.51689	48.2017
1607	5	0.5731	46.6597
1608	5	0.59208	47.2054
1609	5	0.58621	46.7335
1610	5	0.49486	50.8817
1611	5	0.49085	49.5929
1612	5	0.48265	48.8711
1613	5	0.46994	48.7055
1614	5	0.46912	48.0737
1615	5	0.50662	47.2536
1616	5	0.56029	45.8219
1617	5	0.57223	46.6994
1618	5	0.56632	46.0108
1619	5	0.48001	50.0352
1620	5	0.46828	49.6207
1621	5	0.46193	48.162
1622	5	0.45655	46.6759
1623	5	0.48845	45.6212
1624	5	0.5391	46.3553
1625	5	0.55606	45.8835
1626	5	0.45776	48.4955
1627	5	0.44655	47.6946
1628	5	0.43866	46.3174
1629	5	0.46352	45.9025
1630	5	0.52391	45.6589
1631	5	0.54523	46.1831
1632	5	0.43394	46.5429
1633	5	0.41572	45.4838
1634	5	0.45038	45.4514
1635	5	0.51521	44.5284
1636	5	0.40419	44.7129
1637	5	0.44462	44.6411
1638	5	0.4906	44.3935
1639	5	0.45698	44.4351
1640	5	0.5471	57.7149
1641	5	0.54765	56.7309
1642	5	0.5377	57.5392
1643	5	0.53694	56.6044
1644	5	0.5337	55.6062
1645	5	0.52735	54.4463
1646	5	0.52174	54.4802
1647	5	0.52101	54.0098
1648	5	0.51812	51.9876
1649	5	0.5175	51.6897
1650	5	0.52246	51.7828
1651	5	0.55599	49.5759
1652	5	0.61148	48.8385
1653	5	0.63754	48.5656
1654	5	0.6375	48.5988
1655	5	0.64416	48.8356
1656	5	0.65187	49.0887
1657	5	0.5392	57.8115
1658	5	0.53654	56.6315
1659	5	0.53116	56.2176
1660	5	0.52692	54.8054
1661	5	0.52535	54.311
1662	5	0.52079	53.7901
1663	5	0.51464	53.6633
1664	5	0.5131	51.7536
1665	5	0.51167	50.5251
1666	5	0.511	49.9653
1667	5	0.54679	48.7268
1668	5	0.60525	48.2144
1669	5	0.62648	47.8028
1670	5	0.62704	47.6837
1671	5	0.63138	48.2276
1672	5	0.63619	49.0856
1673	5	0.53326	56.0671
1674	5	0.52693	55.4975
1675	5	0.52252	55.0518
1676	5	0.51579	53.4103
1677	5	0.51247	52.4019
1678	5	0.51205	51.8147
1679	5	0.50805	51.4578
1680	5	0.50388	50.2858
1681	5	0.50555	49.1077
1682	5	0.54094	49.6942
1683	5	0.59643	48.0973
1684	5	0.61841	47.968
1685	5	0.61716	47.6536
1686	5	0.62205	47.663
1687	5	0.52269	54.6394
1688	5	0.51799	53.1864
1689	5	0.51587	53.7999
1690	5	0.5086	53.2339
1691	5	0.50635	51.1718
1692	5	0.49971	50.3114
1693	5	0.49473	49.5213
1694	5	0.4985	48.6128
1695	5	0.52712	48.8278
1696	5	0.58771	47.9466
1697	5	0.60973	47.5269
1698	5	0.60867	47.8037
1699	5	0.60052	46.5165
1700	5	0.51542	53.1153
1701	5	0.51088	52.7661
1702	5	0.50521	51.4131
1703	5	0.49575	50.7147
1704	5	0.49197	49.469
1705	5	0.48624	49.3593
1706	5	0.48195	48.7981
1707	5	0.51638	48.1791
1708	5	0.57361	46.2804
1709	5	0.59464	46.6595
1710	5	0.58485	46.3621
1711	5	0.50293	51.7751
1712	5	0.49249	50.6494
1713	5	0.48712	50.4172
1714	5	0.4826	48.7127
1715	5	0.47585	48.6511
1716	5	0.46901	48.0079
1717	5	0.50598	47.7887
1718	5	0.5612	46.4605
1719	5	0.57538	47.1226
1720	5	0.57092	46.5334
1721	5	0.48731	50.9642
1722	5	0.48117	48.3002
1723	5	0.47033	47.8503
1724	5	0.46241	48.4839
1725	5	0.46027	47.026
1726	5	0.48656	46.9078
1727	5	0.53878	45.902
1728	5	0.55641	45.2458
1729	5	0.46945	49.6105
1730	5	0.4605	47.8283
1731	5	0.44648	47.8084
1732	5	0.44396	47.2323
1733	5	0.46614	45.4351
1734	5	0.52582	45.177
1735	5	0.54576	46.5053
1736	5	0.45017	47.5143
1737	5	0.43211	46.7404
1738	5	0.41718	45.1863
1739	5	0.44885	45.3652
1740	5	0.5124	45.8049
1741	5	0.40993	46.1202
1742	5	0.39665	45.0048
1743	5	0.43625	44.75
1744	5	0.48098	44.6259
1745	5	0.39089	43.2889
1746	5	0.40064	42.9391
1747	5	0.3647	43.1135
1748	5	0.53655	56.0995
1749	5	0.53296	55.0811
1750	5	0.52484	55.1862
1751	5	0.52395	54.5581
1752	5	0.51856	53.6833
1753	5	0.51625	52.5401
1754	5	0.51334	51.6259
1755	5	0.50742	50.8656
1756	5	0.50297	50.7129
1757	5	0.50098	49.8077
1758	5	0.5439	48.7762
1759	5	0.59981	47.1727
1760	5	0.62014	47.7027
1761	5	0.61972	48.3822
1762	5	0.62189	48.022
1763	5	0.52448	55.4771
1764	5	0.52086	54.6184
1765	5	0.51549	54.2715
1766	5	0.51008	53.5359
1767	5	0.51113	51.7832
1768	5	0.507	50.5864
1769	5	0.50398	50.2361
1770	5	0.49771	50.0283
1771	5	0.49845	48.9259
1772	5	0.53115	48.4573
1773	5	0.58747	47.375
1774	5	0.61051	47.419
1775	5	0.60342	47.4464
1776	5	0.60045	47.6533
1777	5	0.51712	54.748
1778	5	0.51089	53.0457
1779	5	0.50803	51.9507
1780	5	0.50546	50.9252
1781	5	0.50357	50.939
1782	5	0.49214	50.4333
1783	5	0.48528	49.0915
1784	5	0.48414	48.1051
1785	5	0.51555	46.8861
1786	5	0.575	47.1786
1787	5	0.59339	46.951
1788	5	0.58553	45.5489
1789	5	0.50715	51.8038
1790	5	0.50192	50.5452
1791	5	0.49871	50.7888
1792	5	0.49317	48.9628
1793	5	0.48398	49.5456
1794	5	0.47312	47.5159
1795	5	0.47046	47.9606
1796	5	0.50586	46.7824
1797	5	0.56256	45.262
1798	5	0.57004	46.0862
1799	5	0.56759	45.9259
1800	5	0.49381	50.8296
1801	5	0.49033	49.834
1802	5	0.48419	48.9089
1803	5	0.47358	48.231
1804	5	0.46268	49.3598
1805	5	0.45876	47.7173
1806	5	0.4888	45.9505
1807	5	0.54052	46.0265
1808	5	0.55805	45.3495
1809	5	0.48383	49.4699
1810	5	0.46935	47.4077
1811	5	0.4597	48.0038
1812	5	0.45095	46.9773
1813	5	0.44013	46.033
1814	5	0.46807	45.0036
1815	5	0.52378	45.2351
1816	5	0.54498	45.1194
1817	5	0.46142	47.3067
1818	5	0.4517	46.5391
1819	5	0.43306	46.2779
1820	5	0.41628	45.5841
1821	5	0.44897	44.7081
1822	5	0.51277	44.4803
1823	5	0.43432	45.8638
1824	5	0.41044	44.475
1825	5	0.39588	45.029
1826	5	0.4333	44.1542
1827	5	0.47993	44.605
1828	5	0.3853	44.6526
1829	5	0.37976	45.0128
1830	5	0.39075	43.9223
1831	5	0.3454	43.5992
1832	5	0.30225	42.1485
1833	5	0.52253	54.9394
1834	5	0.51833	53.6383
1835	5	0.51209	52.3109
1836	5	0.51018	52.2709
1837	5	0.50344	51.8192
1838	5	0.49928	50.7782
1839	5	0.49515	50.1856
1840	5	0.485	49.5817
1841	5	0.48434	48.7354
1842	5	0.51947	46.6833
1843	5	0.5755	47.38
1844	5	0.59284	45.8352
1845	5	0.58458	47.0753
1846	5	0.51077	53.0515
1847	5	0.50256	52.3666
1848	5	0.50258	51.8973
1849	5	0.50247	49.3903
1850	5	0.49315	50.0039
1851	5	0.48389	49.883
1852	5	0.47613	48.292
1853	5	0.47081	49.51
1854	5	0.50529	46.2924
1855	5	0.56033	45.6229
1856	5	0.57331	45.6946
1857	5	0.56923	46.5053
1858	5	0.50294	51.3842
1859	5	0.49609	49.6981
1860	5	0.48953	49.3325
1861	5	0.48192	49.5477
1862	5	0.47068	48.8939
1863	5	0.46269	49.1304
1864	5	0.45542	46.9492
1865	5	0.48813	46.3769
1866	5	0.53934	45.1786
1867	5	0.55776	45.1009
1868	5	0.49214	49.582
1869	5	0.48585	48.7153
1870	5	0.47329	48.3561
1871	5	0.46139	47.1269
1872	5	0.4489	46.8904
1873	5	0.43956	46.0002
1874	5	0.46767	45.5173
1875	5	0.52691	45.0753
1876	5	0.54812	45.1678
1877	5	0.47522	48.3818
1878	5	0.46244	47.0538
1879	5	0.45135	46.1485
1880	5	0.43497	45.052
1881	5	0.41694	45.1156
1882	5	0.4512	43.6967
1883	5	0.51686	44.7796
1884	5	0.452	46.1806
1885	5	0.43393	46.4151
1886	5	0.4069	45.7356
1887	5	0.39302	44.0629
1888	5	0.43153	43.9293
1889	5	0.47635	44.3506
1890	5	0.40679	45.2772
1891	5	0.38346	44.4812
1892	5	0.38004	44.4942
1893	5	0.39104	43.2856
1894	5	0.37039	44.2956
1895	5	0.33452	44.2032
1896	5	0.29269	42.4868
1897	5	0.23433	40.7217
1898	5	0.50327	53.012
1899	5	0.49889	50.8919
1900	5	0.49717	50.6089
1901	5	0.4916	49.311
1902	5	0.48045	49.4545
1903	5	0.47306	47.9507
1904	5	0.46294	48.3463
1905	5	0.45854	47.202
1906	5	0.49105	45.5328
1907	5	0.53961	45.1964
1908	5	0.5591	44.976
1909	5	0.49733	50.1833
1910	5	0.49556	49.9913
1911	5	0.48535	48.0782
1912	5	0.4707	48.5791
1913	5	0.46656	47.9824
1914	5	0.44942	47.3041
1915	5	0.43933	46.0709
1916	5	0.46513	45.5315
1917	5	0.5238	45.2687
1918	5	0.5489	44.6368
1919	5	0.48762	48.6821
1920	5	0.47708	46.3942
1921	5	0.46316	47.0833
1922	5	0.4498	45.4214
1923	5	0.4337	45.9447
1924	5	0.41177	44.762
1925	5	0.4458	44.1885
1926	5	0.51412	44.1602
1927	5	0.46278	47.4217
1928	5	0.45106	46.7755
1929	5	0.43178	45.6978
1930	5	0.40807	45.5522
1931	5	0.39485	45.3065
1932	5	0.43324	44.4445
1933	5	0.47791	44.0648
1934	5	0.43033	46.4051
1935	5	0.40512	44.3124
1936	5	0.3841	43.7845
1937	5	0.37622	43.1159
1938	5	0.39048	43.336
1939	5	0.38346	44.9999
1940	5	0.36898	44.0648
1941	5	0.3299	43.6315
1942	5	0.28821	42.116
1943	5	0.32111	43.0973
1944	5	0.21934	42.9071
1945	5	0.15842	40.9252
1946	5	0.49322	48.3315
1947	5	0.48801	47.855
1948	5	0.47396	47.3939
1949	5	0.46358	47.3923
1950	5	0.44953	46.3495
1951	5	0.4316	45.3036
1952	5	0.41608	44.9338
1953	5	0.447	44.5865
1954	5	0.51236	44.6098
1955	5	0.47528	47.4066
1956	5	0.46333	47.2249
1957	5	0.45051	47.1137
1958	5	0.43496	45.9526
1959	5	0.40862	44.7228
1960	5	0.39286	44.5219
1961	5	0.43455	43.5082
1962	5	0.47748	43.3133
1963	5	0.45202	46.4965
1964	5	0.43236	45.6318
1965	5	0.4051	45.7826
1966	5	0.38356	43.7467
1967	5	0.37857	44.0508
1968	5	0.38972	42.6806
1969	5	0.40293	45.0457
1970	5	0.38491	44.0061
1971	5	0.36712	44.2364
1972	5	0.32839	43.4216
1973	5	0.28729	41.2954
1974	5	0.3685	44.0194
1975	5	0.31971	42.9703
1976	5	0.22054	41.0679
1977	5	0.20745	42.1013
1978	5	0.14491	39.0588
1979	5	0.46113	47.1613
1980	5	0.44976	45.8959
1981	5	0.43291	45.5856
1982	5	0.40425	44.6549
1983	5	0.38471	44.0043
1984	5	0.37627	44.5926
1985	5	0.39059	42.6426
1986	5	0.43285	45.0065
1987	5	0.4046	45.0492
1988	5	0.38344	44.4937
1989	5	0.36774	44.0758
1990	5	0.32646	43.5547
1991	5	0.28665	42.6642
1992	5	0.38115	44.1037
1993	5	0.368	43.1117
1994	5	0.31887	42.8496
1995	5	0.21791	40.9236
1996	5	0.32114	42.3811
1997	5	0.20435	41.0676
1998	5	0.14177	39.7813
1999	5	0.13048	38.7597
2000	5	0.40441	44.6212
2001	5	0.38089	44.6674
2002	5	0.36548	44.5354
2003	5	0.31821	42.3811
2004	5	0.21957	41.0673
2005	5	0.36544	43.307
2006	5	0.31688	42.8471
2007	5	0.20538	42.5915
2008	5	0.14022	39.2664
2009	5	0.20374	41.0594
2010	5	0.12707	40.5861
2011	5	0.11514	40.6578
2012	5	0.32069	43.4495
2013	5	0.20177	41.8302
2014	5	0.12671	39.349
2015	5	0.12657	42.2546
2016	5	0.11304	38.0919
2017	5	0.11223	38.2914
2018	5	0.564	62.4628
2019	5	0.56127	61.6047
2020	5	0.56018	61.2828
2021	5	0.55557	60.3736
2022	5	0.55144	60.396
2023	5	0.54791	58.5096
2024	5	0.54302	58.9719
2025	5	0.53998	58.6965
2026	5	0.53519	57.8211
2027	5	0.53116	56.2015
2028	5	0.52809	55.5133
2029	5	0.52923	55.2745
2030	5	0.53933	52.7327
2031	5	0.57436	52.2198
2032	5	0.63104	50.0615
2033	5	0.65157	50.4994
2034	5	0.65492	50.442
2035	5	0.66391	51.6352
2036	5	0.67387	50.8731
2037	5	0.67862	51.3007
2038	5	0.6782	50.9127
2039	5	0.55812	61.7425
2040	5	0.55551	61.5735
2041	5	0.5517	59.9654
2042	5	0.54709	60.419
2043	5	0.54248	59.2755
2044	5	0.53941	58.3753
2045	5	0.53189	57.9058
2046	5	0.53335	57.764
2047	5	0.52718	56.4106
2048	5	0.52521	55.6827
2049	5	0.52659	54.3395
2050	5	0.53385	52.223
2051	5	0.56965	51.3566
2052	5	0.62564	50.7492
2053	5	0.64782	50.7245
2054	5	0.65349	50.0486
2055	5	0.65795	50.575
2056	5	0.6664	50.7951
2057	5	0.6718	50.5971
2058	5	0.55241	61.0905
2059	5	0.5502	59.6331
2060	5	0.5441	59.7845
2061	5	0.54042	58.2476
2062	5	0.53609	57.9135
2063	5	0.5325	56.077
2064	5	0.52773	56.1798
2065	5	0.52351	55.3992
2066	5	0.52509	54.2516
2067	5	0.52245	52.9771
2068	5	0.52869	51.8452
2069	5	0.56363	50.7347
2070	5	0.6182	51.3522
2071	5	0.64039	50.7818
2072	5	0.64437	50.1538
2073	5	0.6507	50.4162
2074	5	0.66037	49.858
2075	5	0.6634	50.4927
2076	5	0.54472	58.8107
2077	5	0.54212	58.0795
2078	5	0.5368	58.1508
2079	5	0.53003	57.2259
2080	5	0.5281	55.836
2081	5	0.52406	55.5224
2082	5	0.52103	55.2984
2083	5	0.51425	53.2667
2084	5	0.51353	53.1674
2085	5	0.52107	51.6726
2086	5	0.55633	50.0824
2087	5	0.61547	49.3771
2088	5	0.63583	48.6746
2089	5	0.63425	49.8085
2090	5	0.6434	50.4594
2091	5	0.6488	50.0945
2092	5	0.53701	57.5942
2093	5	0.53106	56.7876
2094	5	0.52687	56.5008
2095	5	0.52493	56.1024
2096	5	0.52304	55.311
2097	5	0.51652	53.9404
2098	5	0.51455	53.0075
2099	5	0.50802	51.879
2100	5	0.51651	50.4114
2101	5	0.55151	49.7629
2102	5	0.60765	49.2283
2103	5	0.62556	49.6527
2104	5	0.6274	49.0381
2105	5	0.6357	49.6111
2106	5	0.63983	49.3786
2107	5	0.52725	56.2633
2108	5	0.52503	55.1033
2109	5	0.52112	53.7859
2110	5	0.51689	54.4828
2111	5	0.51178	53.2317
2112	5	0.50472	52.1773
2113	5	0.503	51.9592
2114	5	0.5048	49.8491
2115	5	0.53975	48.8307
2116	5	0.59553	48.4479
2117	5	0.61634	48.43
2118	5	0.61491	48.4635
2119	5	0.61937	48.5167
2120	5	0.5239	54.4307
2121	5	0.51461	53.8144
2122	5	0.51183	53.5535
2123	5	0.50332	52.9135
2124	5	0.49654	52.2379
2125	5	0.49395	50.8142
2126	5	0.49896	49.9443
2127	5	0.53157	49.7994
2128	5	0.59083	49.2905
2129	5	0.60673	49.5539
2130	5	0.60555	47.7328
2131	5	0.59995	47.7236
2132	5	0.50998	53.774
2133	5	0.5056	52.33
2134	5	0.49602	52.257
2135	5	0.48787	50.7098
2136	5	0.48546	49.7348
2137	5	0.4862	48.9326
2138	5	0.51782	48.3058
2139	5	0.57971	47.7085
2140	5	0.59145	48.7595
2141	5	0.58537	48.0419
2142	5	0.49464	52.4772
2143	5	0.48801	51.4971
2144	5	0.47871	50.7624
2145	5	0.47015	50.0339
2146	5	0.47248	48.8152
2147	5	0.50535	48.1212
2148	5	0.56372	47.2648
2149	5	0.57391	46.6763
2150	5	0.56746	47.9694
2151	5	0.4797	49.844
2152	5	0.46969	51.176
2153	5	0.45946	50.1161
2154	5	0.45859	47.4256
2155	5	0.48701	47.345
2156	5	0.54146	47.2827
2157	5	0.55782	47.1984
2158	5	0.45606	50.0711
2159	5	0.44932	48.5444
2160	5	0.44137	46.2924
2161	5	0.46264	47.5591
2162	5	0.52581	45.1836
2163	5	0.54454	45.8377
2164	5	0.43084	47.9561
2165	5	0.41904	46.4998
2166	5	0.45186	45.7269
2167	5	0.51613	46.019
2168	5	0.40944	44.6498
2169	5	0.44962	44.7718
2170	5	0.48729	45.1109
2171	5	0.4575	43.8304
2172	5	0.55651	60.2164
2173	5	0.55105	60.1112
2174	5	0.54829	59.7444
2175	5	0.54476	59.4197
2176	5	0.53908	58.6601
2177	5	0.53185	58.3646
2178	5	0.5331	56.7531
2179	5	0.52805	56.1779
2180	5	0.52427	55.6035
2181	5	0.52108	55.5014
2182	5	0.52131	53.9568
2183	5	0.52671	52.5396
2184	5	0.56118	52.8174
2185	5	0.62102	50.5744
2186	5	0.6429	50.9329
2187	5	0.64602	50.263
2188	5	0.64998	50.1858
2189	5	0.6578	50.5613
2190	5	0.6593	50.4848
2191	5	0.54925	59.5209
2192	5	0.5424	59.1894
2193	5	0.54045	58.9406
2194	5	0.53459	57.7527
2195	5	0.52787	57.1287
2196	5	0.52541	55.6605
2197	5	0.52157	56.3205
2198	5	0.5209	54.6405
2199	5	0.51948	53.6986
2200	5	0.51839	53.1519
2201	5	0.52262	51.1912
2202	5	0.55762	50.4154
2203	5	0.61259	50.2611
2204	5	0.63741	50.115
2205	5	0.63489	49.4991
2206	5	0.64454	50.3253
2207	5	0.64884	50.0747
2208	5	0.54105	59.1172
2209	5	0.53668	59.3739
2210	5	0.53251	57.9026
2211	5	0.52701	56.3846
2212	5	0.52271	56.7429
2213	5	0.51796	54.9432
2214	5	0.51647	53.108
2215	5	0.51295	52.7761
2216	5	0.51056	52.1102
2217	5	0.51386	50.5793
2218	5	0.55155	50.1524
2219	5	0.60607	49.7952
2220	5	0.62573	49.0861
2221	5	0.62828	49.0007
2222	5	0.63334	49.8741
2223	5	0.63929	50.3598
2224	5	0.53153	58.32
2225	5	0.52785	56.0241
2226	5	0.52324	56.454
2227	5	0.51664	53.3126
2228	5	0.51343	54.2055
2229	5	0.51182	53.9691
2230	5	0.50696	52.2231
2231	5	0.50387	51.3026
2232	5	0.50623	49.8496
2233	5	0.54397	49.7304
2234	5	0.59746	49.2507
2235	5	0.61861	48.8896
2236	5	0.61677	49.1503
2237	5	0.6178	49.1627
2238	5	0.52035	56.3284
2239	5	0.51784	54.0192
2240	5	0.51147	53.6198
2241	5	0.5081	53.4475
2242	5	0.5041	52.5462
2243	5	0.49817	51.5262
2244	5	0.49565	50.5248
2245	5	0.49931	49.6104
2246	5	0.5327	49.5493
2247	5	0.58816	48.6699
2248	5	0.60603	49.2034
2249	5	0.60782	49.017
2250	5	0.60332	47.6507
2251	5	0.51413	53.6667
2252	5	0.50948	52.3226
2253	5	0.4988	53.0869
2254	5	0.49694	52.3809
2255	5	0.48881	51.3142
2256	5	0.48663	49.5524
2257	5	0.48495	48.9063
2258	5	0.52041	49.1121
2259	5	0.57833	49.02
2260	5	0.59332	47.6581
2261	5	0.58522	46.7613
2262	5	0.50329	53.0427
2263	5	0.4913	51.4837
2264	5	0.48526	51.3941
2265	5	0.47959	50.9729
2266	5	0.47087	49.27
2267	5	0.47327	49.1867
2268	5	0.50621	47.5806
2269	5	0.56286	47.6168
2270	5	0.57149	46.5821
2271	5	0.5711	46.8584
2272	5	0.48928	51.2281
2273	5	0.48002	51.9828
2274	5	0.46713	50.0803
2275	5	0.46228	49.0087
2276	5	0.46055	48.6901
2277	5	0.49203	48.0821
2278	5	0.54167	46.1059
2279	5	0.55809	46.146
2280	5	0.46867	50.6453
2281	5	0.45514	48.5076
2282	5	0.44961	48.5352
2283	5	0.4411	46.9217
2284	5	0.46814	46.9989
2285	5	0.5243	45.4818
2286	5	0.54519	46.0741
2287	5	0.44519	48.8301
2288	5	0.4312	48.3348
2289	5	0.41983	47.1436
2290	5	0.4473	45.9787
2291	5	0.51272	46.1504
2292	5	0.40966	46.2355
2293	5	0.40055	45.2279
2294	5	0.4391	46.5102
2295	5	0.47957	45.0709
2296	5	0.39365	45.1036
2297	5	0.40381	44.8166
2298	5	0.36733	44.5321
2299	5	0.54392	60.2344
2300	5	0.54374	59.1276
2301	5	0.53724	58.2427
2302	5	0.53173	57.459
2303	5	0.52645	57.3355
2304	5	0.52225	55.7281
2305	5	0.52051	56.1416
2306	5	0.5155	54.2869
2307	5	0.51559	53.0057
2308	5	0.51353	52.6658
2309	5	0.51571	50.4003
2310	5	0.54947	50.658
2311	5	0.60742	49.5239
2312	5	0.62669	50.0655
2313	5	0.6275	49.7153
2314	5	0.6315	49.6844
2315	5	0.63923	48.8367
2316	5	0.53687	59.4184
2317	5	0.53075	56.2365
2318	5	0.52954	57.1657
2319	5	0.52367	56.1793
2320	5	0.51691	54.2472
2321	5	0.5131	54.3229
2322	5	0.50967	53.0725
2323	5	0.50748	52.4737
2324	5	0.50507	50.684
2325	5	0.50606	50.7324
2326	5	0.54188	49.7795
2327	5	0.59939	48.8291
2328	5	0.61489	49.1202
2329	5	0.61794	49.1851
2330	5	0.61993	49.0899
2331	5	0.52821	56.1903
2332	5	0.52131	55.9287
2333	5	0.51736	55.2217
2334	5	0.51333	54.127
2335	5	0.50805	52.6902
2336	5	0.5056	52.186
2337	5	0.49917	51.1916
2338	5	0.49531	51.3899
2339	5	0.49643	49.8406
2340	5	0.53501	49.0658
2341	5	0.58927	48.7751
2342	5	0.60585	48.115
2343	5	0.60388	47.7574
2344	5	0.60006	48.1429
2345	5	0.51781	55.0173
2346	5	0.51311	54.733
2347	5	0.5101	52.9779
2348	5	0.50533	52.4729
2349	5	0.49645	52.5121
2350	5	0.49207	51.6703
2351	5	0.48692	49.8177
2352	5	0.48697	50.1455
2353	5	0.51765	48.3498
2354	5	0.57906	48.511
2355	5	0.59536	47.526
2356	5	0.58444	48.1642
2357	5	0.50967	53.8331
2358	5	0.50427	51.5309
2359	5	0.49642	51.6102
2360	5	0.49058	51.3797
2361	5	0.48203	50.5441
2362	5	0.47502	49.5788
2363	5	0.47023	47.8596
2364	5	0.51122	47.9586
2365	5	0.56301	46.7323
2366	5	0.57643	47.159
2367	5	0.56932	46.7197
2368	5	0.49688	52.0555
2369	5	0.48548	52.1688
2370	5	0.47812	51.2481
2371	5	0.47211	49.2468
2372	5	0.46498	49.0113
2373	5	0.46267	47.8944
2374	5	0.48945	48.0363
2375	5	0.54415	46.4587
2376	5	0.55707	46.7911
2377	5	0.47992	50.6778
2378	5	0.46976	49.6897
2379	5	0.45839	48.3775
2380	5	0.44957	48.1761
2381	5	0.44213	47.4028
2382	5	0.46752	46.224
2383	5	0.52365	46.4548
2384	5	0.54539	45.952
2385	5	0.45786	50.1079
2386	5	0.44954	47.8365
2387	5	0.43241	47.0832
2388	5	0.41792	46.5271
2389	5	0.4459	45.9604
2390	5	0.51217	45.1556
2391	5	0.43142	46.6525
2392	5	0.41241	46.8065
2393	5	0.39913	46.6321
2394	5	0.4333	44.9624
2395	5	0.48	45.355
2396	5	0.39007	45.0293
2397	5	0.38684	44.1488
2398	5	0.39805	43.8725
2399	5	0.34846	43.662
2400	5	0.31056	42.5496
2401	5	0.52936	57.2161
2402	5	0.52796	56.9768
2403	5	0.52356	56.8983
2404	5	0.5178	55.2758
2405	5	0.51101	54.4937
2406	5	0.50844	53.4331
2407	5	0.50405	52.375
2408	5	0.50377	51.1692
2409	5	0.4966	50.4385
2410	5	0.49986	49.0712
2411	5	0.53534	49.1946
2412	5	0.58802	48.4068
2413	5	0.60872	47.9319
2414	5	0.606	48.2185
2415	5	0.60096	48.1674
2416	5	0.51898	56.1327
2417	5	0.51628	54.619
2418	5	0.51112	54.842
2419	5	0.50659	53.1943
2420	5	0.50399	52.8279
2421	5	0.49627	51.4287
2422	5	0.49304	51.2265
2423	5	0.48963	50.725
2424	5	0.48862	49.3407
2425	5	0.5214	48.1464
2426	5	0.57863	47.9311
2427	5	0.59301	47.2729
2428	5	0.58747	48.0478
2429	5	0.51123	55.6085
2430	5	0.50714	53.8521
2431	5	0.4992	51.3489
2432	5	0.49798	51.7008
2433	5	0.48957	50.2132
2434	5	0.48379	50.7267
2435	5	0.47629	49.5915
2436	5	0.47521	48.3075
2437	5	0.50605	47.9594
2438	5	0.56577	47.9288
2439	5	0.57532	47.7607
2440	5	0.56824	47.3488
2441	5	0.50427	52.1216
2442	5	0.4969	52.1341
2443	5	0.48949	50.7869
2444	5	0.4839	49.9956
2445	5	0.46849	50.1385
2446	5	0.46138	47.8535
2447	5	0.46085	47.3813
2448	5	0.4927	47.1006
2449	5	0.54083	46.7195
2450	5	0.55934	46.5488
2451	5	0.48741	52.1043
2452	5	0.48154	50.4966
2453	5	0.47175	50.1112
2454	5	0.46155	48.6198
2455	5	0.44867	48.4715
2456	5	0.44183	46.5968
2457	5	0.4688	45.7816
2458	5	0.52216	46.4543
2459	5	0.5444	45.9128
2460	5	0.47042	50.1327
2461	5	0.46223	49.5663
2462	5	0.44751	48.2537
2463	5	0.43434	47.4739
2464	5	0.41601	46.2002
2465	5	0.45025	45.4998
2466	5	0.51158	44.8244
2467	5	0.44854	48.245
2468	5	0.43193	46.9084
2469	5	0.40574	46.0159
2470	5	0.39703	45.9451
2471	5	0.4326	45.1235
2472	5	0.47676	44.7497
2473	5	0.40891	45.6618
2474	5	0.38892	45.2637
2475	5	0.38518	44.4923
2476	5	0.39065	44.9751
2477	5	0.37231	45.0773
2478	5	0.34036	43.7621
2479	5	0.29735	43.2178
2480	5	0.24551	41.8894
2481	5	0.51657	54.9402
2482	5	0.51327	54.3258
2483	5	0.50666	53.6997
2484	5	0.50351	53.1379
2485	5	0.49902	52.0213
2486	5	0.49272	50.2372
2487	5	0.4836	50.3591
2488	5	0.47619	48.8233
2489	5	0.4748	48.4902
2490	5	0.5071	48.6313
2491	5	0.56636	46.9028
2492	5	0.5753	47.0302
2493	5	0.57124	47.3582
2494	5	0.50472	54.1522
2495	5	0.49902	52.4791
2496	5	0.49554	52.0018
2497	5	0.49302	49.7998
2498	5	0.48152	50.1329
2499	5	0.46997	49.6892
2500	5	0.46446	49.1861
2501	5	0.46325	47.765
2502	5	0.49018	46.9037
2503	5	0.54382	46.7016
2504	5	0.55641	45.6804
2505	5	0.49789	51.2147
2506	5	0.4871	50.8439
2507	5	0.48463	50.461
2508	5	0.47381	48.574
2509	5	0.45878	48.5754
2510	5	0.45172	48.1115
2511	5	0.44026	48.0211
2512	5	0.46413	46.4898
2513	5	0.52426	46.3369
2514	5	0.54343	45.5268
2515	5	0.48304	49.8139
2516	5	0.47169	48.9205
2517	5	0.46072	48.8626
2518	5	0.44658	47.0975
2519	5	0.4339	47.2316
2520	5	0.4186	46.2039
2521	5	0.44766	44.9469
2522	5	0.51359	45.8796
2523	5	0.46152	47.6656
2524	5	0.45046	47.0882
2525	5	0.43202	47.5088
2526	5	0.40828	45.8118
2527	5	0.39778	44.9202
2528	5	0.43322	45.3021
2529	5	0.47498	44.7288
2530	5	0.43222	47.4958
2531	5	0.40721	45.1292
2532	5	0.38677	46.1302
2533	5	0.38299	44.5128
2534	5	0.39071	44.3288
2535	5	0.38597	44.6946
2536	5	0.37092	44.637
2537	5	0.3368	43.7288
2538	5	0.29257	42.9966
2539	5	0.32475	43.5451
2540	5	0.23085	40.5655
2541	5	0.17225	41.7608
2542	5	0.49868	52.3856
2543	5	0.49122	51.501
2544	5	0.49015	50.7542
2545	5	0.48133	50.1921
2546	5	0.47223	49.3243
2547	5	0.46204	48.6647
2548	5	0.45101	48.2195
2549	5	0.44413	46.188
2550	5	0.46391	46.4025
2551	5	0.52572	45.4231
2552	5	0.54424	45.4283
2553	5	0.49052	50.9543
2554	5	0.48249	49.4362
2555	5	0.47008	49.3287
2556	5	0.45962	48.4722
2557	5	0.44841	47.4779
2558	5	0.43128	47.0073
2559	5	0.41721	45.4692
2560	5	0.44729	45.6299
2561	5	0.51182	46.1071
2562	5	0.47142	49.0449
2563	5	0.46294	47.579
2564	5	0.44941	47.7071
2565	5	0.43171	47.0044
2566	5	0.40697	46.0674
2567	5	0.39978	44.6521
2568	5	0.43709	44.4684
2569	5	0.47568	45.1942
2570	5	0.44971	48.1163
2571	5	0.43076	45.9904
2572	5	0.4069	46.4179
2573	5	0.38827	44.7044
2574	5	0.38207	45.4614
2575	5	0.39145	43.9432
2576	5	0.40719	45.7449
2577	5	0.38371	45.3243
2578	5	0.36846	44.9317
2579	5	0.33298	42.6016
2580	5	0.29166	42.089
2581	5	0.36823	44.5486
2582	5	0.32277	42.9535
2583	5	0.22396	41.4668
2584	5	0.21511	41.5541
2585	5	0.15671	38.7432
2586	5	0.48101	48.7979
2587	5	0.47608	48.914
2588	5	0.4604	48.5166
2589	5	0.44852	47.5746
2590	5	0.42981	46.606
2591	5	0.40598	45.4555
2592	5	0.3965	44.8249
2593	5	0.4347	44.9861
2594	5	0.4743	44.2707
2595	5	0.46116	47.295
2596	5	0.44956	47.1866
2597	5	0.4295	46.3731
2598	5	0.40278	45.583
2599	5	0.38689	44.8401
2600	5	0.37903	44.0992
2601	5	0.38998	44.3236
2602	5	0.43251	46.42
2603	5	0.40473	45.2759
2604	5	0.38369	45.5456
2605	5	0.37033	44.209
2606	5	0.33236	43.191
2607	5	0.29432	42.2515
2608	5	0.38092	44.0022
2609	5	0.3643	44.544
2610	5	0.32379	42.9936
2611	5	0.22388	41.5324
2612	5	0.32064	44.5915
2613	5	0.21055	41.6783
2614	5	0.15062	41.3625
2615	5	0.13979	40.0795
2616	5	0.44922	47.7297
2617	5	0.43022	46.6596
2618	5	0.40101	45.006
2619	5	0.38517	44.4753
2620	5	0.37023	45.0407
2621	5	0.33308	42.7645
2622	5	0.2898	42.9987
2623	5	0.40251	44.3741
2624	5	0.38253	44.6095
2625	5	0.36518	44.7348
2626	5	0.32182	42.9523
2627	5	0.22376	41.2146
2628	5	0.36554	44.2043
2629	5	0.31985	43.3756
2630	5	0.20885	40.8037
2631	5	0.15051	40.0732
2632	5	0.20706	41.0606
2633	5	0.13602	41.7266
2634	5	0.12131	40.5805
2635	5	0.38236	44.0103
2636	5	0.36652	44.4823
2637	5	0.31456	43.2909
2638	5	0.20659	41.2082
2639	5	0.14942	41.2276
2640	5	0.31771	43.4477
2641	5	0.20552	40.959
2642	5	0.13517	41.2121
2643	5	0.13184	40.9747
2644	5	0.12062	39.9091
2645	5	0.20142	40.9187
2646	5	0.12975	40.0554
2647	5	0.11867	39.3069
2648	5	0.11455	40.1243
2649	5	0.1102	40.0292
2650	5	0.55218	60.1791
2651	5	0.5476	60.0401
2652	5	0.54448	58.7814
2653	5	0.53845	58.0135
2654	5	0.53613	57.1427
2655	5	0.53258	57.5098
2656	5	0.52461	56.468
2657	5	0.52318	55.4251
2658	5	0.51715	55.0422
2659	5	0.51535	53.7677
2660	5	0.52074	52.7744
2661	5	0.52352	51.5491
2662	5	0.55609	51.9017
2663	5	0.61644	50.015
2664	5	0.63544	49.6719
2665	5	0.63543	50.0631
2666	5	0.64343	50.1345
2667	5	0.65202	50.0506
2668	5	0.54504	58.7606
2669	5	0.53855	59.5784
2670	5	0.5392	57.8102
2671	5	0.5315	57.5728
2672	5	0.52714	56.8254
2673	5	0.52159	55.7932
2674	5	0.51893	55.0191
2675	5	0.51293	54.1913
2676	5	0.51345	53.3038
2677	5	0.51165	51.9404
2678	5	0.51457	51.245
2679	5	0.55115	50.1148
2680	5	0.60709	50.0389
2681	5	0.62826	50.203
2682	5	0.6296	49.0909
2683	5	0.63406	49.4118
2684	5	0.64002	49.3041
2685	5	0.53549	59.3009
2686	5	0.53104	57.139
2687	5	0.52597	56.6658
2688	5	0.51964	56.2156
2689	5	0.51713	55.0147
2690	5	0.51611	54.7764
2691	5	0.51	52.8401
2692	5	0.509	52.0597
2693	5	0.50367	50.8653
2694	5	0.50929	50.5975
2695	5	0.54016	49.5693
2696	5	0.59636	49.2644
2697	5	0.61673	48.8744
2698	5	0.61899	48.9561
2699	5	0.6219	48.7505
2700	5	0.52884	57.4038
2701	5	0.52188	55.7269
2702	5	0.51797	55.4173
2703	5	0.51394	53.8547
2704	5	0.5087	53.6844
2705	5	0.50462	52.9257
2706	5	0.49942	50.7786
2707	5	0.49716	50.9993
2708	5	0.49936	50.0978
2709	5	0.53162	48.7359
2710	5	0.58936	49.3492
2711	5	0.60668	48.2065
2712	5	0.60404	47.7268
2713	5	0.6043	48.8279
2714	5	0.51858	54.3296
2715	5	0.51557	55.3865
2716	5	0.50755	53.5843
2717	5	0.50241	51.9277
2718	5	0.49648	51.8433
2719	5	0.49397	51.2974
2720	5	0.49043	49.8073
2721	5	0.49052	48.8984
2722	5	0.51914	48.649
2723	5	0.57771	48.2688
2724	5	0.5935	47.7492
2725	5	0.58623	47.7568
2726	5	0.50819	53.4854
2727	5	0.50138	51.7411
2728	5	0.49438	51.3446
2729	5	0.48731	51.9557
2730	5	0.48026	49.8069
2731	5	0.47503	49.2236
2732	5	0.47367	48.3435
2733	5	0.50713	48.2329
2734	5	0.56177	48.3467
2735	5	0.57725	47.1492
2736	5	0.57069	46.7542
2737	5	0.4937	51.5998
2738	5	0.48498	51.6965
2739	5	0.48065	50.7615
2740	5	0.46733	49.679
2741	5	0.46698	48.8795
2742	5	0.46507	47.931
2743	5	0.49096	47.9673
2744	5	0.54119	46.4317
2745	5	0.55832	46.942
2746	5	0.47576	51.8702
2747	5	0.46599	50.0677
2748	5	0.46038	49.4954
2749	5	0.45083	47.9955
2750	5	0.44354	46.5348
2751	5	0.46112	46.5753
2752	5	0.52484	46.0793
2753	5	0.54704	46.5907
