1	1	0.64761	408.42
2	2	0.65458	162.327
3	2	0.65218	162.617
4	2	0.65352	153.861
5	2	0.64908	144.49
6	2	0.75757	150.629
7	2	0.79514	168.981
8	2	0.80066	170.757
9	2	0.80661	174.178
10	2	0.81184	176.38
11	2	0.81447	175.806
12	2	0.81856	176.295
13	2	0.82155	182.215
14	2	0.81976	179.967
15	2	0.8219	182.423
16	2	0.82095	183.617
17	2	0.8231	184.712
18	2	0.82198	182.791
19	2	0.82521	181.018
20	2	0.82429	181.782
21	2	0.82176	182.279
22	2	0.82454	182.442
23	2	0.8252	183.254
24	2	0.8259	183.727
25	2	0.82351	184.435
26	2	0.82381	185.112
27	3	0.65629	50.0975
28	3	0.6507	50.1078
29	3	0.65151	47.2805
30	3	0.65673	42.6519
31	3	0.76218	48.8939
32	3	0.79789	54.2309
33	3	0.80396	56.576
34	3	0.81138	56.8996
35	3	0.81929	58.973
36	3	0.82457	58.6632
37	3	0.82654	58.8608
38	3	0.82755	59.3246
39	3	0.82832	59.5749
40	3	0.82858	62.2152
41	3	0.83021	60.2794
42	3	0.83293	60.3416
43	3	0.83199	61.1732
44	3	0.83119	61.9471
45	3	0.83344	60.4562
46	3	0.83369	61.2865
47	3	0.83421	61.4237
48	3	0.83166	61.7659
49	3	0.83534	59.5614
50	3	0.83297	61.4606
51	3	0.64909	50.3437
52	3	0.65252	45.2657
53	3	0.65453	42.2452
54	3	0.76064	49.5657
55	3	0.79718	56.8675
56	3	0.80287	54.7651
57	3	0.80886	59.0802
58	3	0.81712	58.5341
59	3	0.82105	60.1095
60	3	0.82382	59.8169
61	3	0.8265	61.5991
62	3	0.82718	59.6087
63	3	0.82999	60.6849
64	3	0.82845	61.5856
65	3	0.83165	62.6328
66	3	0.83067	61.67
67	3	0.83221	63.424
68	3	0.83341	62.4163
69	3	0.83319	62.3299
70	3	0.83109	62.3089
71	3	0.83334	62.7676
72	3	0.83332	62.3288
73	3	0.83182	63.6679
74	3	0.65309	41.9462
75	3	0.65375	39.8516
76	3	0.7619	46.9646
77	3	0.79793	53.6313
78	3	0.80096	53.8145
79	3	0.81317	54.4821
80	3	0.81639	55.8208
81	3	0.82256	55.8476
82	3	0.8249	56.0471
83	3	0.8242	57.3991
84	3	0.82521	56.6671
85	3	0.82794	56.5814
86	3	0.83178	59.2227
87	3	0.82824	58.0252
88	3	0.83115	57.0967
89	3	0.8296	60.6761
90	3	0.8342	56.8906
91	3	0.83028	57.7061
92	3	0.83185	58.6796
93	3	0.83263	59.1989
94	3	0.83149	58.0757
95	3	0.65568	39.2746
96	3	0.76104	43.7968
97	3	0.79579	49.6003
98	3	0.80166	51.4202
99	3	0.80949	51.9535
100	3	0.81613	52.8538
101	3	0.81909	53.3042
102	3	0.82136	52.8216
103	3	0.82155	53.9777
104	3	0.82655	54.5057
105	3	0.82691	54.4714
106	3	0.82716	55.1236
107	3	0.82752	54.6229
108	3	0.82938	55.3935
109	3	0.82768	53.7783
110	3	0.83027	54.9039
111	3	0.83063	55.7694
112	3	0.82809	55.095
113	3	0.83018	55.0054
114	3	0.83093	54.6725
115	3	0.83226	46.8657
116	3	0.85556	49.8959
117	3	0.86065	50.5427
118	3	0.86641	51.1277
119	3	0.86984	50.2599
120	3	0.87249	50.0007
121	3	0.87214	50.2252
122	3	0.87605	51.8752
123	3	0.87466	51.8792
124	3	0.87671	51.1511
125	3	0.87753	52.4427
126	3	0.87881	51.9276
127	3	0.87826	52.1974
128	3	0.88022	52.4423
129	3	0.881	53.012
130	3	0.87956	50.3647
131	3	0.88017	51.9265
132	3	0.87863	51.3179
133	3	0.8769	51.9042
134	3	0.88116	51.8796
135	3	0.88333	53.5337
136	3	0.88745	51.587
137	3	0.8898	53.4497
138	3	0.8895	52.8618
139	3	0.89272	54.4221
140	3	0.89167	53.2742
141	3	0.89428	53.434
142	3	0.89606	53.1339
143	3	0.89427	52.9709
144	3	0.89451	52.5517
145	3	0.89407	53.2651
146	3	0.89407	52.8247
147	3	0.89607	53.9006
148	3	0.89606	53.899
149	3	0.89477	53.1902
150	3	0.88306	52.0273
151	3	0.8871	54.1925
152	3	0.88918	52.7431
153	3	0.89215	53.2143
154	3	0.89283	52.8416
155	3	0.89461	54.5527
156	3	0.89424	54.1696
157	3	0.89338	53.6906
158	3	0.89515	54.2483
159	3	0.8955	52.87
160	3	0.89654	52.6484
161	3	0.89541	53.298
162	3	0.89621	54.597
163	3	0.89635	54.174
164	3	0.89598	54.2298
165	3	0.89182	53.0878
166	3	0.89396	56.2135
167	3	0.894	53.946
168	3	0.89829	54.5213
169	3	0.89733	53.7446
170	3	0.89914	54.3353
171	3	0.89966	54.5297
172	3	0.8988	53.3826
173	3	0.89873	54.9847
174	3	0.89826	54.243
175	3	0.89903	55.1981
176	3	0.90071	54.1892
177	3	0.89939	54.0476
178	3	0.89911	55.3972
179	3	0.89612	55.0402
180	3	0.89637	55.213
181	3	0.8978	55.2398
182	3	0.89885	54.1737
183	3	0.89915	53.5856
184	3	0.89918	54.6593
185	3	0.89861	55.2322
186	3	0.9004	54.4211
187	3	0.90078	54.0548
188	3	0.89974	54.8828
189	3	0.90121	54.3455
190	3	0.90189	54.7773
191	3	0.89953	55.3054
192	3	0.8988	54.9924
193	3	0.90294	54.2727
194	3	0.90144	54.7639
195	3	0.90126	55.1811
196	3	0.90318	54.0145
197	3	0.90182	54.5112
198	3	0.90259	55.4545
199	3	0.90252	54.7928
200	3	0.90275	53.8185
201	3	0.90329	55.1653
202	3	0.90043	54.6611
203	3	0.90168	55.3097
204	3	0.90172	55.2193
205	3	0.90193	54.5205
206	3	0.90261	55.081
207	3	0.90403	55.4838
208	3	0.90359	55.6113
209	3	0.90213	55.697
210	3	0.90062	55.0053
211	3	0.89958	56.0147
212	3	0.90031	56.3439
213	3	0.90216	54.3952
214	3	0.90325	55.2495
215	3	0.90331	53.8109
216	3	0.9042	55.2112
217	3	0.90294	55.4332
218	3	0.90206	56.0235
219	3	0.90279	54.9805
220	3	0.9024	55.8459
221	3	0.90235	54.8194
222	3	0.90366	56.3214
223	3	0.90387	55.4624
224	3	0.90356	54.9066
225	3	0.9044	56.2696
226	3	0.90246	54.5268
227	3	0.90287	54.6799
228	3	0.9029	57.167
229	3	0.90305	54.944
230	3	0.90418	57.1034
231	3	0.90425	54.997
232	3	0.90368	56.0648
233	3	0.90496	56.0337
234	3	0.90238	56.2732
235	4	0.65399	80.5256
236	4	0.64947	79.3023
237	4	0.64629	77.9986
238	4	0.6586	67.144
239	4	0.76196	43.1466
240	4	0.79922	39.4434
241	4	0.80409	38.9492
242	4	0.81194	38.2548
243	4	0.82002	38.7408
244	4	0.82367	38.7565
245	4	0.82532	38.0809
246	4	0.82776	38.0686
247	4	0.82977	38.2327
248	4	0.8312	37.8552
249	4	0.83065	38.2767
250	4	0.83402	36.626
251	4	0.83209	38.0265
252	4	0.83323	37.4392
253	4	0.83432	37.3719
254	4	0.83379	37.2703
255	4	0.83439	38.1442
256	4	0.83438	37.3211
257	4	0.83643	37.6499
258	4	0.8338	37.5842
259	4	0.6486	78.2806
260	4	0.65326	73.4466
261	4	0.65888	65.1562
262	4	0.76203	43.0291
263	4	0.79907	38.861
264	4	0.80723	37.4902
265	4	0.81262	38.1241
266	4	0.81947	39.0282
267	4	0.82383	38.353
268	4	0.82397	38.1199
269	4	0.82954	37.8143
270	4	0.82921	37.776
271	4	0.82892	37.1815
272	4	0.83242	36.385
273	4	0.82967	37.5337
274	4	0.83177	37.0776
275	4	0.83274	36.3385
276	4	0.83297	36.5886
277	4	0.83424	37.027
278	4	0.83435	36.6781
279	4	0.83482	36.4199
280	4	0.83358	37.2757
281	4	0.65393	66.7493
282	4	0.66199	62.1293
283	4	0.76339	39.7973
284	4	0.79863	36.7736
285	4	0.80478	36.5393
286	4	0.81191	36.8456
287	4	0.81715	36.2229
288	4	0.82291	35.6946
289	4	0.82366	36.4299
290	4	0.82542	36.0845
291	4	0.82741	35.7086
292	4	0.83039	34.5468
293	4	0.82945	35.0831
294	4	0.83314	34.5083
295	4	0.83597	34.8528
296	4	0.83209	35.4161
297	4	0.83185	34.9338
298	4	0.83296	35.1926
299	4	0.83301	35.4817
300	4	0.83425	36.1259
301	4	0.83319	36.2437
302	4	0.66797	55.2689
303	4	0.76533	37.4959
304	4	0.80008	33.8839
305	4	0.80981	34.6718
306	4	0.81542	34.1601
307	4	0.82237	34.0674
308	4	0.82608	34.2942
309	4	0.82965	33.6651
310	4	0.82948	32.6971
311	4	0.83224	32.9006
312	4	0.83402	33.2713
313	4	0.83141	32.1665
314	4	0.83216	33.1466
315	4	0.83622	33.0109
316	4	0.83429	33.5078
317	4	0.83483	33.1113
318	4	0.83674	32.5752
319	4	0.83431	32.1371
320	4	0.83441	32.2923
321	4	0.83834	29.5278
322	4	0.86078	27.8589
323	4	0.86679	27.687
324	4	0.87093	28.2805
325	4	0.87392	26.304
326	4	0.87823	27.6494
327	4	0.87859	27.141
328	4	0.88249	27.0502
329	4	0.88102	26.7874
330	4	0.88374	27.6187
331	4	0.88371	26.6816
332	4	0.88286	26.4276
333	4	0.88345	25.9884
334	4	0.88329	26.3245
335	4	0.88483	26.5819
336	4	0.88321	26.492
337	4	0.88593	26.5212
338	4	0.88265	25.7917
339	4	0.88096	26.5159
340	4	0.88558	26.2499
341	4	0.88956	25.885
342	4	0.89206	25.8827
343	4	0.8971	25.9398
344	4	0.89567	25.5828
345	4	0.89759	24.9606
346	4	0.89787	24.4671
347	4	0.89938	25.3737
348	4	0.89958	25.0518
349	4	0.90072	25.0046
350	4	0.89953	25.1879
351	4	0.89987	24.6173
352	4	0.89998	25.3473
353	4	0.90259	24.7318
354	4	0.90149	24.5418
355	4	0.88819	25.4602
356	4	0.89291	25.6944
357	4	0.89654	25.622
358	4	0.89762	25.2212
359	4	0.89873	25.0926
360	4	0.90111	24.8046
361	4	0.9006	24.373
362	4	0.90283	24.5727
363	4	0.90157	24.6617
364	4	0.90273	25.0934
365	4	0.90342	24.96
366	4	0.90402	24.3939
367	4	0.90385	24.3514
368	4	0.90323	25.0563
369	4	0.90478	24.5503
370	4	0.89615	25.6283
371	4	0.89842	25.4907
372	4	0.9043	25.1153
373	4	0.90232	24.6906
374	4	0.90521	25.8154
375	4	0.90577	24.8799
376	4	0.90578	24.4318
377	4	0.90672	24.8805
378	4	0.90777	24.7251
379	4	0.90815	24.2664
380	4	0.90712	24.3878
381	4	0.90944	25.1784
382	4	0.90639	24.8243
383	4	0.90387	25.2037
384	4	0.90599	24.5049
385	4	0.9068	25.193
386	4	0.90668	24.5539
387	4	0.90817	24.6345
388	4	0.90786	24.8578
389	4	0.90758	24.578
390	4	0.9106	23.7818
391	4	0.90836	24.6447
392	4	0.90829	24.6543
393	4	0.91033	24.1274
394	4	0.91036	24.139
395	4	0.90748	24.2676
396	4	0.90868	24.7033
397	4	0.90763	24.8044
398	4	0.91129	24.3835
399	4	0.91016	24.0037
400	4	0.9112	24.6811
401	4	0.91088	24.064
402	4	0.91158	24.4919
403	4	0.91149	23.9598
404	4	0.91241	24.4468
405	4	0.90858	24.0893
406	4	0.9095	24.3519
407	4	0.91068	23.6443
408	4	0.91098	24.2228
409	4	0.91105	24.0933
410	4	0.91152	23.7977
411	4	0.91148	23.4914
412	4	0.91123	24.1212
413	4	0.91249	24.2513
414	4	0.9115	23.7863
415	4	0.91068	23.635
416	4	0.91267	24.0153
417	4	0.91316	23.5269
418	4	0.91468	23.6701
419	4	0.91299	24.3824
420	4	0.91262	23.2753
421	4	0.91286	24.2353
422	4	0.91291	23.5274
423	4	0.91326	23.505
424	4	0.91449	23.463
425	4	0.91504	23.6176
426	4	0.91219	23.24
427	4	0.91199	23.9111
428	4	0.91386	23.6725
429	4	0.91337	23.6798
430	4	0.91367	23.9228
431	4	0.91449	23.9915
432	4	0.91371	23.8356
433	4	0.91328	23.7475
434	4	0.91266	23.4459
435	4	0.64654	76.3545
436	4	0.65493	68.7824
437	4	0.66528	62.9035
438	4	0.76428	41.7453
439	4	0.79851	37.928
440	4	0.80354	37.993
441	4	0.81338	38.5754
442	4	0.81521	38.6197
443	4	0.82422	37.9248
444	4	0.82444	37.9359
445	4	0.82605	37.0366
446	4	0.82904	36.8322
447	4	0.82757	36.8634
448	4	0.82979	36.4673
449	4	0.82892	37.2594
450	4	0.83137	36.1564
451	4	0.83477	36.1858
452	4	0.83238	36.5336
453	4	0.83357	36.2472
454	4	0.83385	36.1956
455	4	0.83387	36.1906
456	4	0.83519	36.1092
457	4	0.66302	62.5361
458	4	0.66615	56.68
459	4	0.76745	38.9368
460	4	0.80109	34.7476
461	4	0.80954	34.61
462	4	0.81585	35.2646
463	4	0.82167	34.8114
464	4	0.82196	35.3017
465	4	0.82686	35.2952
466	4	0.83059	35.081
467	4	0.82973	34.9433
468	4	0.83062	34.9828
469	4	0.8316	35.5375
470	4	0.83066	34.4756
471	4	0.83275	34.565
472	4	0.83315	34.7125
473	4	0.83363	34.0374
474	4	0.8339	34.1128
475	4	0.83548	33.7426
476	4	0.83712	34.1578
477	4	0.67228	54.2669
478	4	0.7681	36.8982
479	4	0.80178	33.2155
480	4	0.81023	33.0589
481	4	0.81653	32.9857
482	4	0.82197	33.205
483	4	0.8265	32.3828
484	4	0.82916	33.1745
485	4	0.82826	32.8585
486	4	0.83089	31.9704
487	4	0.83341	31.5502
488	4	0.83277	32.5758
489	4	0.83355	32.248
490	4	0.83572	32.1217
491	4	0.83419	31.8979
492	4	0.83476	32.0971
493	4	0.83491	32.0051
494	4	0.83587	32.3879
495	4	0.83698	31.9056
496	4	0.83756	29.4213
497	4	0.8618	28.3504
498	4	0.86278	27.3081
499	4	0.86904	27.1957
500	4	0.87602	26.9777
501	4	0.87909	27.3092
502	4	0.87999	26.7201
503	4	0.87965	26.8217
504	4	0.88319	26.0857
505	4	0.88091	26.9972
506	4	0.88077	26.5798
507	4	0.88107	25.232
508	4	0.88251	25.6289
509	4	0.88418	25.5404
510	4	0.88397	26.3424
511	4	0.88409	26.108
512	4	0.88247	26.1293
513	4	0.88156	26.8877
514	4	0.88517	26.2476
515	4	0.88925	25.4556
516	4	0.89402	25.8375
517	4	0.89677	25.2483
518	4	0.89588	25.1226
519	4	0.89736	24.8358
520	4	0.89938	25.4914
521	4	0.89712	25.0252
522	4	0.89792	24.9717
523	4	0.89869	25.0754
524	4	0.89803	24.2468
525	4	0.89888	24.9138
526	4	0.89992	24.7558
527	4	0.89943	24.8636
528	4	0.90049	24.9733
529	4	0.88683	26.1827
530	4	0.89468	25.6187
531	4	0.89575	25.5432
532	4	0.89664	25.2721
533	4	0.89741	25.3448
534	4	0.90047	25.0272
535	4	0.90062	25.1134
536	4	0.90162	24.6329
537	4	0.90153	24.5219
538	4	0.90248	25.0187
539	4	0.90225	24.6323
540	4	0.90135	24.6889
541	4	0.9031	24.5295
542	4	0.90242	24.2527
543	4	0.89593	24.7978
544	4	0.8993	24.5374
545	4	0.90308	24.5174
546	4	0.90289	25.1878
547	4	0.90443	24.659
548	4	0.90528	24.5966
549	4	0.90549	24.0464
550	4	0.90674	24.8407
551	4	0.90485	24.315
552	4	0.90713	23.8693
553	4	0.90543	24.4397
554	4	0.90669	24.6936
555	4	0.90565	24.242
556	4	0.90278	24.8371
557	4	0.90512	24.6672
558	4	0.90579	24.2269
559	4	0.90853	24.7035
560	4	0.9074	23.998
561	4	0.90715	24.2243
562	4	0.90818	23.9846
563	4	0.90813	24.3402
564	4	0.9098	23.9111
565	4	0.90879	23.6546
566	4	0.90974	24.1746
567	4	0.90761	24.1978
568	4	0.90841	24.2586
569	4	0.90922	24.4774
570	4	0.90914	23.6808
571	4	0.91083	24.4693
572	4	0.90925	24.4149
573	4	0.91099	23.6455
574	4	0.91083	24.2996
575	4	0.91169	23.879
576	4	0.91045	23.7998
577	4	0.9097	24.2746
578	4	0.91084	24.6588
579	4	0.90853	23.9977
580	4	0.91063	24.0417
581	4	0.9114	23.6136
582	4	0.90908	24.4988
583	4	0.91262	23.986
584	4	0.91172	23.7747
585	4	0.91038	23.9844
586	4	0.91175	24.3972
587	4	0.91129	24.0527
588	4	0.91077	23.9479
589	4	0.91127	23.8412
590	4	0.91049	23.8712
591	4	0.91115	23.517
592	4	0.9126	24.0272
593	4	0.91119	23.426
594	4	0.9123	23.4997
595	4	0.91225	23.3592
596	4	0.91022	23.7075
597	4	0.9125	23.1211
598	4	0.91191	22.7729
599	4	0.91394	23.4374
600	4	0.91217	23.7547
601	4	0.91398	23.7637
602	4	0.91197	23.7716
603	4	0.9123	23.7684
604	4	0.66782	58.0061
605	4	0.66678	53.3726
606	4	0.76831	36.0017
607	4	0.80408	32.4451
608	4	0.80656	33.4637
609	4	0.81594	33.1311
610	4	0.81917	32.8556
611	4	0.82449	33.0021
612	4	0.82574	33.1947
613	4	0.82737	33.0599
614	4	0.82771	32.0795
615	4	0.83179	32.9173
616	4	0.83394	32.3014
617	4	0.83235	32.2186
618	4	0.83336	32.1497
619	4	0.83331	32.5983
620	4	0.83287	32.4795
621	4	0.83502	30.7933
622	4	0.83472	32.0878
623	4	0.8332	32.2848
624	4	0.66668	49.1107
625	4	0.7688	34.1717
626	4	0.80446	31.3168
627	4	0.80864	30.9211
628	4	0.81445	31.5062
629	4	0.8206	31.6718
630	4	0.82614	30.9934
631	4	0.82895	30.9452
632	4	0.82693	30.4126
633	4	0.83076	30.6546
634	4	0.82889	31.0307
635	4	0.83391	31.0314
636	4	0.83415	30.2443
637	4	0.83267	30.7199
638	4	0.83379	30.6477
639	4	0.83405	29.8481
640	4	0.83524	31.0023
641	4	0.83551	30.4867
642	4	0.83778	27.4514
643	4	0.85982	26.0029
644	4	0.86532	25.3618
645	4	0.87044	25.7293
646	4	0.87666	25.232
647	4	0.87595	25.7782
648	4	0.87796	24.9899
649	4	0.87892	25.5301
650	4	0.8816	24.9825
651	4	0.88075	24.677
652	4	0.88194	25.0563
653	4	0.88231	24.4307
654	4	0.881	24.3165
655	4	0.88329	24.2709
656	4	0.88433	24.9359
657	4	0.88044	24.1557
658	4	0.88367	24.8173
659	4	0.87975	24.3063
660	4	0.88541	25.0123
661	4	0.88828	24.1425
662	4	0.89232	23.8969
663	4	0.89285	23.5932
664	4	0.89589	24.0078
665	4	0.89629	24.0147
666	4	0.89875	22.9475
667	4	0.89735	22.5631
668	4	0.89811	23.5291
669	4	0.89698	23.6423
670	4	0.89841	23.215
671	4	0.89881	23.2843
672	4	0.90042	22.9327
673	4	0.89804	23.0769
674	4	0.88728	24.5633
675	4	0.89082	23.8145
676	4	0.89443	23.2569
677	4	0.89712	23.3141
678	4	0.89891	22.3364
679	4	0.89826	23.1017
680	4	0.89843	23.298
681	4	0.90083	22.7355
682	4	0.90069	22.6312
683	4	0.90077	23.755
684	4	0.90256	23.1862
685	4	0.90226	23.2846
686	4	0.90114	22.6969
687	4	0.90286	23.3135
688	4	0.89591	23.4313
689	4	0.90059	23.7737
690	4	0.90034	23.5232
691	4	0.90214	23.3726
692	4	0.90348	22.7215
693	4	0.9037	23.0091
694	4	0.9057	23.0641
695	4	0.9039	22.9975
696	4	0.9061	23.2405
697	4	0.9048	22.4649
698	4	0.90355	22.6724
699	4	0.90516	22.8028
700	4	0.89873	23.5713
701	4	0.90289	23.8059
702	4	0.90343	23.1597
703	4	0.90532	23.2289
704	4	0.90561	22.9543
705	4	0.90592	22.4116
706	4	0.90645	22.2765
707	4	0.90661	22.1836
708	4	0.90785	22.5386
709	4	0.90742	22.755
710	4	0.90862	22.19
711	4	0.90409	23.1793
712	4	0.90748	23.0031
713	4	0.90956	21.9048
714	4	0.90723	22.4751
715	4	0.90897	22.1632
716	4	0.90921	22.658
717	4	0.90772	22.4763
718	4	0.90959	22.6141
719	4	0.90971	22.1783
720	4	0.9098	21.8753
721	4	0.90772	23.1204
722	4	0.90842	21.6185
723	4	0.90907	22.9096
724	4	0.9091	22.5848
725	4	0.90996	21.8554
726	4	0.91142	22.0116
727	4	0.90968	22.3023
728	4	0.90941	23.3449
729	4	0.90872	22.3629
730	4	0.91001	21.5286
731	4	0.91078	22.8551
732	4	0.91104	21.9704
733	4	0.91076	22.2234
734	4	0.90925	22.2965
735	4	0.91142	22.2835
736	4	0.91018	22.1789
737	4	0.91019	21.9406
738	4	0.91117	22.1154
739	4	0.9109	22.0929
740	4	0.91404	21.8483
741	4	0.91265	22.6757
742	4	0.91188	22.2136
743	4	0.9097	22.1691
744	4	0.67442	47.2065
745	4	0.77008	32.5721
746	4	0.80375	30.2901
747	4	0.80908	30.3391
748	4	0.81687	29.9363
749	4	0.81973	29.4623
750	4	0.82579	28.963
751	4	0.8271	30.2065
752	4	0.83121	29.4993
753	4	0.83045	28.5339
754	4	0.83255	29.284
755	4	0.83165	28.9735
756	4	0.83239	28.7235
757	4	0.83344	27.9401
758	4	0.83396	29.2158
759	4	0.8341	29.2182
760	4	0.83506	28.4647
761	4	0.8333	28.2551
762	4	0.83571	25.7938
763	4	0.86195	24.5296
764	4	0.86471	24.7917
765	4	0.86969	24.5406
766	4	0.8733	23.4956
767	4	0.87684	24.1553
768	4	0.87844	23.0778
769	4	0.87994	22.799
770	4	0.87956	22.905
771	4	0.88012	23.6475
772	4	0.87849	23.2017
773	4	0.88152	23.5034
774	4	0.88104	22.6439
775	4	0.88252	22.9861
776	4	0.88266	23.38
777	4	0.88271	23.2341
778	4	0.88022	23.0366
779	4	0.88599	23.3563
780	4	0.8872	22.2812
781	4	0.88987	22.3121
782	4	0.89323	22.1986
783	4	0.89525	21.7166
784	4	0.8954	22.0845
785	4	0.89649	22.4089
786	4	0.89763	22.5754
787	4	0.89804	21.4328
788	4	0.89726	21.9649
789	4	0.89839	21.6001
790	4	0.89728	22.1813
791	4	0.89927	21.4182
792	4	0.8981	22.1481
793	4	0.88725	22.669
794	4	0.89277	22.774
795	4	0.89475	22.617
796	4	0.89651	22.3311
797	4	0.89687	22.076
798	4	0.89932	22.2403
799	4	0.90068	21.9292
800	4	0.90075	21.131
801	4	0.89913	21.7074
802	4	0.90064	21.1451
803	4	0.90164	21.6035
804	4	0.90127	22.1366
805	4	0.90073	21.4475
806	4	0.8961	22.453
807	4	0.89838	22.2571
808	4	0.90098	22.3257
809	4	0.90174	21.999
810	4	0.90284	21.5559
811	4	0.90348	21.6852
812	4	0.90435	21.8606
813	4	0.90282	21.1213
814	4	0.9027	21.4754
815	4	0.904	20.7579
816	4	0.90392	21.3014
817	4	0.904	21.6195
818	4	0.90082	21.8153
819	4	0.90275	21.575
820	4	0.90294	21.8436
821	4	0.90431	21.3439
822	4	0.90777	21.4687
823	4	0.90528	21.5127
824	4	0.90637	21.7177
825	4	0.90665	21.3738
826	4	0.90479	21.1751
827	4	0.90458	21.6002
828	4	0.90472	22.0483
829	4	0.90813	20.9911
830	4	0.90684	20.7526
831	4	0.90685	21.3303
832	4	0.90541	21.3012
833	4	0.90761	20.9366
834	4	0.90671	21.3658
835	4	0.90888	20.8703
836	4	0.90723	21.6937
837	4	0.90629	21.666
838	4	0.90734	21.3068
839	4	0.9073	20.6841
840	4	0.90835	21.4966
841	4	0.90868	21.178
842	4	0.90908	21.6076
843	4	0.90819	21.4779
844	4	0.9062	20.8467
845	4	0.90715	21.206
846	4	0.90919	20.9384
847	4	0.90762	20.8701
848	4	0.90887	21.1907
849	4	0.90848	21.015
850	4	0.90802	21.1412
851	4	0.90949	21.6181
852	4	0.90808	21.7668
853	4	0.9093	20.8741
854	4	0.90868	20.7404
855	4	0.91134	21.1277
856	4	0.90969	20.9152
857	4	0.90963	20.8905
858	4	0.88336	22.1961
859	4	0.89916	20.8779
860	4	0.90412	20.7592
861	4	0.90574	20.524
862	4	0.90854	20.2124
863	4	0.91086	19.6571
864	4	0.9116	20.6506
865	4	0.91273	19.5702
866	4	0.91321	19.9126
867	4	0.91426	19.69
868	4	0.91557	20.0022
869	4	0.91608	19.8815
870	4	0.91349	19.3438
871	4	0.9142	18.9691
872	4	0.91545	19.2168
873	4	0.9146	19.2929
874	4	0.91353	20.1631
875	4	0.91665	20.1018
876	4	0.91931	19.7533
877	4	0.92139	18.6648
878	4	0.92285	19.1263
879	4	0.9236	18.7703
880	4	0.92555	18.9789
881	4	0.92311	18.653
882	4	0.9234	18.346
883	4	0.92566	17.8565
884	4	0.92475	17.8656
885	4	0.92548	18.25
886	4	0.92495	18.7366
887	4	0.92559	18.8166
888	4	0.91779	18.9013
889	4	0.92068	18.2401
890	4	0.92421	18.7301
891	4	0.92436	18.3955
892	4	0.92561	18.3871
893	4	0.92794	18.044
894	4	0.92671	17.8974
895	4	0.92729	18.24
896	4	0.92706	18.154
897	4	0.92672	17.9155
898	4	0.92836	17.5091
899	4	0.92784	17.5372
900	4	0.92817	17.7396
901	4	0.92324	18.6214
902	4	0.92459	18.8096
903	4	0.92672	18.269
904	4	0.92893	17.7163
905	4	0.92764	17.8662
906	4	0.92837	18.2449
907	4	0.9295	18.2267
908	4	0.93004	17.7226
909	4	0.92886	17.8845
910	4	0.92916	17.5783
911	4	0.92917	17.9178
912	4	0.92649	18.0859
913	4	0.92926	17.9819
914	4	0.92865	17.6733
915	4	0.93037	17.928
916	4	0.92961	17.4291
917	4	0.93034	17.4177
918	4	0.92957	17.1388
919	4	0.93121	16.9571
920	4	0.93131	17.3819
921	4	0.93192	16.9881
922	4	0.92962	17.9182
923	4	0.93051	18.0294
924	4	0.9312	17.5922
925	4	0.9321	17.4222
926	4	0.93308	17.518
927	4	0.93202	17.6196
928	4	0.93169	17.8127
929	4	0.93315	17.2307
930	4	0.93118	17.1389
931	4	0.93076	17.3461
932	4	0.93215	17.544
933	4	0.93453	16.9261
934	4	0.93201	16.6914
935	4	0.93221	17.4872
936	4	0.93225	16.8697
937	4	0.93273	17.3652
938	4	0.93261	17.2894
939	4	0.93188	16.8441
940	4	0.93247	16.756
941	4	0.93483	17.5491
942	4	0.93209	17.8804
943	4	0.93168	17.7978
944	4	0.93303	17.1569
945	4	0.93347	17.1096
946	4	0.93296	17.2452
947	4	0.93284	17.0994
948	4	0.93169	17.1168
949	4	0.92497	18.4153
950	4	0.92533	18.6032
951	4	0.92794	18.6654
952	4	0.9326	18.3984
953	4	0.93273	17.4537
954	4	0.93097	17.7399
955	4	0.93286	17.641
956	4	0.93357	17.4531
957	4	0.93218	17.0696
958	4	0.93286	17.0356
959	4	0.93293	17.4385
960	4	0.93399	17.193
961	4	0.9344	16.9956
962	4	0.9338	16.6461
963	4	0.92695	18.3796
964	4	0.9305	17.8975
965	4	0.93286	17.4353
966	4	0.93307	16.6906
967	4	0.93442	17.4443
968	4	0.93442	16.6716
969	4	0.93415	16.7544
970	4	0.93418	16.6241
971	4	0.93534	16.6336
972	4	0.93574	16.695
973	4	0.93516	17.2901
974	4	0.93522	16.4477
975	4	0.93288	17.1893
976	4	0.93323	16.7985
977	4	0.93504	17.0044
978	4	0.93568	16.6797
979	4	0.93492	16.5879
980	4	0.93653	16.5214
981	4	0.93528	16.741
982	4	0.93782	16.3983
983	4	0.93637	16.0791
984	4	0.93733	16.172
985	4	0.93651	16.5278
986	4	0.93603	16.8629
987	4	0.93777	16.4764
988	4	0.93561	16.8276
989	4	0.93773	15.7529
990	4	0.93582	16.472
991	4	0.93905	16.6737
992	4	0.93929	16.2726
993	4	0.93925	15.9672
994	4	0.93864	16.1894
995	4	0.93791	16.6157
996	4	0.93829	16.5273
997	4	0.93961	16.7664
998	4	0.93877	16.3328
999	4	0.9398	16.5481
1000	4	0.93989	16.0791
1001	4	0.94076	16.0894
1002	4	0.94055	16.7532
1003	4	0.93909	16.6717
1004	4	0.93951	15.7833
1005	4	0.94015	16.1418
1006	4	0.94018	16.0628
1007	4	0.93882	16.1173
1008	4	0.94033	16.0999
1009	4	0.93937	16.4202
1010	4	0.93894	16.2315
1011	4	0.93865	16.2782
1012	4	0.9389	15.8845
1013	4	0.93971	16.1562
1014	4	0.9408	16.1721
1016	4	0.94135	16.3466
1017	4	0.93896	15.7817
1018	4	0.93999	15.8688
1019	4	0.9404	15.9706
1020	4	0.92822	17.2633
1021	4	0.93246	17.8029
1022	4	0.93232	17.3883
1023	4	0.93478	17.1727
1024	4	0.93362	16.432
1025	4	0.93571	16.7087
1026	4	0.93615	16.8928
1027	4	0.93588	16.4547
1028	4	0.93715	16.1078
1029	4	0.93586	16.0889
1030	4	0.93564	16.1483
1031	4	0.93603	16.669
1032	4	0.93318	17.2458
1033	4	0.93476	16.6886
1034	4	0.9358	16.9778
1035	4	0.93659	16.7996
1036	4	0.9381	16.4712
1037	4	0.93753	15.9382
1038	4	0.93743	16.2769
1039	4	0.93812	16.3727
1040	4	0.93665	16.3185
1041	4	0.93902	16.0176
1042	4	0.93596	16.5624
1043	4	0.93755	16.7334
1044	4	0.93745	16.5017
1045	4	0.93868	16.0017
1046	4	0.9388	16.2742
1047	4	0.93888	16.0498
1048	4	0.93843	15.5273
1049	4	0.93896	16.2937
1050	4	0.93863	16.2442
1051	4	0.93634	16.2496
1052	4	0.93905	16.3139
1053	4	0.94034	16.0303
1054	4	0.93925	15.5213
1055	4	0.93941	15.6872
1056	4	0.93865	15.6943
1057	4	0.93883	16.0813
1058	4	0.93874	16.2203
1059	4	0.93984	15.3877
1060	4	0.94033	16.067
1061	4	0.93983	15.9709
1062	4	0.93852	15.1953
1063	4	0.93907	15.2781
1064	4	0.93935	15.6818
1065	4	0.94036	15.4331
1066	4	0.94005	15.5501
1067	4	0.94006	15.7085
1068	4	0.93977	16.063
1069	4	0.93994	16.0668
1070	4	0.94032	15.7178
1071	4	0.94153	15.55
1072	4	0.93381	16.5572
1073	4	0.93661	16.3853
1074	4	0.93583	16.8251
1075	4	0.93768	16.8639
1076	4	0.93839	16.5268
1077	4	0.93914	16.164
1078	4	0.93929	16.2102
1079	4	0.93959	16.3174
1080	4	0.93889	16.3625
1081	4	0.93733	16.0276
1082	4	0.93483	16.0512
1083	4	0.9377	16.6303
1084	4	0.93952	16.0658
1085	4	0.93881	16.1874
1086	4	0.93809	15.5571
1087	4	0.9407	15.5856
1088	4	0.93998	16.1699
1089	4	0.93993	15.5623
1090	4	0.9395	15.6378
1091	4	0.93906	15.6621
1092	4	0.94048	16.1524
1093	4	0.9398	15.9659
1094	4	0.93982	16.0815
1095	4	0.94012	15.9288
1096	4	0.94094	15.517
1097	4	0.94031	15.899
1098	4	0.94057	15.292
1099	4	0.9406	15.4184
1100	4	0.9411	15.6919
1101	4	0.9409	16.0889
1102	4	0.94002	16.2763
1103	4	0.94025	15.4128
1104	4	0.93987	15.8252
1105	4	0.94116	15.5697
1106	4	0.94016	15.3867
1107	4	0.94149	15.7172
1108	4	0.94082	15.3178
1109	4	0.93797	16.4824
1110	4	0.94021	16.1715
1111	4	0.93876	16.926
1112	4	0.93963	15.9339
1113	4	0.93864	15.1377
1114	4	0.93962	16.0277
1115	4	0.94147	15.6109
1116	4	0.93987	15.1308
1117	4	0.93841	15.5756
1118	4	0.94025	16.1968
1119	4	0.9396	15.8476
1120	4	0.93964	15.6584
1121	4	0.94049	15.5511
1122	4	0.9413	15.8401
1123	4	0.94055	15.8098
1124	4	0.94079	16.0268
1125	4	0.94129	15.3577
1126	4	0.9413	14.4479
1127	4	0.94104	15.4473
1128	4	0.93992	16.0154
1129	4	0.94167	16.066
1130	4	0.94133	15.759
1131	4	0.941	15.42
1132	4	0.94007	14.8322
1133	4	0.94065	15.3104
1134	4	0.93907	15.7435
1135	4	0.94083	15.9621
1136	4	0.9404	15.178
1137	4	0.94138	15.3409
1138	4	0.93955	15.3993
1139	4	0.94138	15.1262
1140	4	0.94011	15.4557
1141	4	0.94187	15.3714
1142	4	0.9399	15.6784
1143	4	0.94113	14.888
1144	4	0.94216	14.9591
1145	4	0.94142	14.9017
1146	4	0.94034	14.8658
1147	4	0.94114	15.4826
1148	4	0.94177	15.5359
1149	4	0.94199	15.6352
1150	4	0.94187	15.7656
1151	4	0.94047	15.9497
1152	4	0.94114	14.8828
1153	4	0.94201	15.3756
1154	4	0.94126	15.1957
1155	4	0.9402	14.8826
1156	5	0.64899	213.572
1157	5	0.65069	212.17
1158	5	0.6472	206.7
1159	5	0.66246	188.314
1160	5	0.76423	146.325
1161	5	0.79566	134.991
1162	5	0.80678	132.412
1163	5	0.81229	131.162
1164	5	0.81761	133.654
1165	5	0.82362	132.762
1166	5	0.82534	130.883
1167	5	0.82583	134.272
1168	5	0.82959	129.189
1169	5	0.8304	130.725
1170	5	0.83234	128.083
1171	5	0.83355	130.585
1172	5	0.83321	129.391
1173	5	0.83515	128.815
1174	5	0.83437	129.916
1175	5	0.83471	130.736
1176	5	0.83473	127.069
1177	5	0.83412	128.469
1178	5	0.83451	127.405
1179	5	0.64929	207.062
1180	5	0.65127	200.058
1181	5	0.66616	185.931
1182	5	0.76516	143.037
1183	5	0.79772	135.536
1184	5	0.80568	133.053
1185	5	0.81331	129.308
1186	5	0.81946	129.451
1187	5	0.82361	130.273
1188	5	0.82399	129.293
1189	5	0.8272	127.078
1190	5	0.82918	127.342
1191	5	0.82936	127.881
1192	5	0.82983	126.847
1193	5	0.83142	126.539
1194	5	0.83027	124.192
1195	5	0.83392	126.454
1196	5	0.83284	126.567
1197	5	0.83529	127.536
1198	5	0.83423	126.376
1199	5	0.83461	125.729
1200	5	0.83305	124.454
1201	5	0.65267	193.656
1202	5	0.66359	181.79
1203	5	0.76462	142.201
1204	5	0.80148	132.331
1205	5	0.80442	130.346
1206	5	0.81071	129.578
1207	5	0.81776	129.291
1208	5	0.82247	128.372
1209	5	0.82322	129.571
1210	5	0.82708	126.798
1211	5	0.8288	125.727
1212	5	0.83236	124.936
1213	5	0.83031	123.783
1214	5	0.83003	124.971
1215	5	0.83172	123.405
1216	5	0.83146	124.323
1217	5	0.83415	124.94
1218	5	0.83422	123.214
1219	5	0.83192	126.893
1220	5	0.83228	121.478
1221	5	0.67162	170.073
1222	5	0.7721	133.84
1223	5	0.80286	124.827
1224	5	0.81008	126.821
1225	5	0.8178	123.908
1226	5	0.82284	121.599
1227	5	0.82788	120.656
1228	5	0.82898	121.506
1229	5	0.83228	120.917
1230	5	0.83372	119.987
1231	5	0.83372	117.924
1232	5	0.83645	117.985
1233	5	0.83519	118.36
1234	5	0.83721	120.381
1235	5	0.83818	119.921
1236	5	0.83396	119.371
1237	5	0.83872	121.18
1238	5	0.83686	118.133
1239	5	0.83581	116.4
1240	5	0.84145	113.931
1241	5	0.86215	107.975
1242	5	0.86902	105.981
1243	5	0.87364	103.487
1244	5	0.87606	103.683
1245	5	0.8799	104.799
1246	5	0.88055	102.434
1247	5	0.88191	102.862
1248	5	0.8814	102.446
1249	5	0.88471	101.141
1250	5	0.88455	101.97
1251	5	0.88534	99.1166
1252	5	0.88477	99.5289
1253	5	0.88512	99.4059
1254	5	0.88354	100.787
1255	5	0.88605	101.89
1256	5	0.88424	101.922
1257	5	0.8813	103.373
1258	5	0.88513	99.8143
1259	5	0.89012	99.1771
1260	5	0.89323	97.7458
1261	5	0.89641	97.4242
1262	5	0.89709	95.6546
1263	5	0.90075	95.7707
1264	5	0.89997	95.4488
1265	5	0.89909	94.7004
1266	5	0.89995	96.0727
1267	5	0.90103	92.3846
1268	5	0.90156	94.8173
1269	5	0.90274	93.792
1270	5	0.90165	92.9825
1271	5	0.90251	94.4739
1272	5	0.9018	91.9079
1273	5	0.88876	97.6527
1274	5	0.89373	95.773
1275	5	0.89546	95.1497
1276	5	0.90154	93.4251
1277	5	0.90022	91.7808
1278	5	0.90074	93.1681
1279	5	0.90348	93.4798
1280	5	0.90419	91.6506
1281	5	0.90439	92.0354
1282	5	0.90328	93.4678
1283	5	0.9054	90.8402
1284	5	0.90461	93.4246
1285	5	0.9047	92.717
1286	5	0.9053	91.2779
1287	5	0.89853	97.142
1288	5	0.90297	95.4243
1289	5	0.90383	96.0275
1290	5	0.90335	93.5954
1291	5	0.90621	93.3993
1292	5	0.90577	90.1418
1293	5	0.90628	92.1261
1294	5	0.90714	91.7528
1295	5	0.90614	89.6156
1296	5	0.9088	94.056
1297	5	0.90802	91.102
1298	5	0.90798	89.3236
1299	5	0.90823	90.0304
1300	5	0.90494	94.0489
1301	5	0.9067	90.6397
1302	5	0.90737	91.5849
1303	5	0.90683	92.2969
1304	5	0.90773	89.102
1305	5	0.91069	90.786
1306	5	0.90945	89.294
1307	5	0.91005	88.8716
1308	5	0.9099	89.6758
1309	5	0.91003	89.5476
1310	5	0.91023	89.9533
1311	5	0.90703	89.3694
1312	5	0.90966	90.0934
1313	5	0.91188	92.1335
1314	5	0.91171	89.3993
1315	5	0.91165	91.1603
1316	5	0.91284	89.6737
1317	5	0.9116	89.3228
1318	5	0.91301	87.5848
1319	5	0.91154	90.219
1320	5	0.9117	88.9001
1321	5	0.91107	89.0668
1322	5	0.91037	88.8964
1323	5	0.91142	88.9675
1324	5	0.91233	89.0839
1325	5	0.91047	87.8933
1326	5	0.91298	88.7873
1327	5	0.91427	87.2362
1328	5	0.9134	86.5914
1329	5	0.911	89.3003
1330	5	0.91324	87.257
1331	5	0.91259	88.3076
1332	5	0.9134	88.4365
1333	5	0.91478	87.0065
1334	5	0.91468	88.2136
1335	5	0.91456	88.7233
1336	5	0.91363	86.0496
1337	5	0.91363	88.3169
1338	5	0.91416	87.8947
1339	5	0.91401	86.6527
1340	5	0.91569	88.6531
1341	5	0.91283	87.8935
1342	5	0.91595	89.2008
1343	5	0.91531	87.4654
1344	5	0.91456	86.2312
1345	5	0.91377	87.1174
1346	5	0.91361	87.0747
1347	5	0.91663	87.6458
1348	5	0.64746	204.574
1349	5	0.65667	195.858
1350	5	0.66643	181.693
1351	5	0.76589	141.659
1352	5	0.79848	131.137
1353	5	0.80328	128.869
1354	5	0.81401	129.845
1355	5	0.81751	127.634
1356	5	0.82118	127.897
1357	5	0.82314	126.377
1358	5	0.82706	128.648
1359	5	0.8281	125.229
1360	5	0.83002	125.7
1361	5	0.83091	126.017
1362	5	0.83121	125.044
1363	5	0.83202	123.922
1364	5	0.8328	124.141
1365	5	0.83202	124.428
1366	5	0.83185	121.69
1367	5	0.83179	122.527
1368	5	0.8335	121.25
1369	5	0.66134	185.879
1370	5	0.67008	174.732
1371	5	0.76698	135.862
1372	5	0.80117	124.239
1373	5	0.80807	126.299
1374	5	0.81643	129.169
1375	5	0.82187	124.133
1376	5	0.82354	123.906
1377	5	0.82542	123.729
1378	5	0.82902	123.388
1379	5	0.8311	122.058
1380	5	0.83113	121.343
1381	5	0.83154	122.957
1382	5	0.83327	121.588
1383	5	0.83257	120.519
1384	5	0.83235	122.141
1385	5	0.83371	119.334
1386	5	0.83331	121.209
1387	5	0.83314	119.974
1388	5	0.83465	121.12
1389	5	0.67853	162.646
1390	5	0.77525	130.243
1391	5	0.80771	122.142
1392	5	0.81225	121.004
1393	5	0.82041	119.19
1394	5	0.82492	122.655
1395	5	0.82635	119.229
1396	5	0.83175	117.975
1397	5	0.83348	119.112
1398	5	0.83292	116.902
1399	5	0.83452	117.079
1400	5	0.83597	118.125
1401	5	0.83846	115.476
1402	5	0.83716	118.064
1403	5	0.83864	116.56
1404	5	0.83651	118.207
1405	5	0.83665	115.929
1406	5	0.83777	118.117
1407	5	0.83895	113.494
1408	5	0.86338	105.227
1409	5	0.86647	103.402
1410	5	0.87448	101.516
1411	5	0.87675	101.707
1412	5	0.87978	97.8445
1413	5	0.87878	100.432
1414	5	0.88298	100.669
1415	5	0.88272	97.2309
1416	5	0.88257	98.6613
1417	5	0.8837	99.427
1418	5	0.88531	98.877
1419	5	0.8866	97.5635
1420	5	0.88668	98.3755
1421	5	0.88556	98.3803
1422	5	0.88568	98.8722
1423	5	0.88379	99.4986
1424	5	0.88434	99.7698
1425	5	0.88753	97.3374
1426	5	0.89071	99.1472
1427	5	0.89365	94.0007
1428	5	0.89685	94.9157
1429	5	0.8988	93.4531
1430	5	0.89988	94.2758
1431	5	0.89982	93.7403
1432	5	0.90021	92.7051
1433	5	0.90147	92.3868
1434	5	0.89939	91.7172
1435	5	0.90194	91.0184
1436	5	0.90334	90.3073
1437	5	0.90131	91.4723
1438	5	0.90098	93.0562
1439	5	0.88921	93.6217
1440	5	0.89402	96.9482
1441	5	0.89622	95.7121
1442	5	0.90006	93.07
1443	5	0.89902	93.9346
1444	5	0.90256	92.5076
1445	5	0.90293	92.5689
1446	5	0.9024	92.4535
1447	5	0.90429	90.8869
1448	5	0.90377	90.3185
1449	5	0.90238	88.6151
1450	5	0.90343	90.4915
1451	5	0.90561	92.7095
1452	5	0.90326	90.172
1453	5	0.90061	93.7997
1454	5	0.90167	93.4066
1455	5	0.90378	92.6768
1456	5	0.90444	90.6262
1457	5	0.90575	91.5495
1458	5	0.90609	89.0383
1459	5	0.90672	89.8369
1460	5	0.90705	91.2934
1461	5	0.90761	91.0671
1462	5	0.90784	87.9442
1463	5	0.90811	87.696
1464	5	0.90791	88.3891
1465	5	0.90621	92.2103
1466	5	0.90574	90.897
1467	5	0.90889	89.4118
1468	5	0.90781	89.2761
1469	5	0.90919	87.5425
1470	5	0.90849	88.7859
1471	5	0.91053	88.6396
1472	5	0.91079	88.0982
1473	5	0.91005	89.7574
1474	5	0.90924	88.4537
1475	5	0.91084	88.7074
1476	5	0.90979	87.8167
1477	5	0.91017	88.5172
1478	5	0.91088	88.8012
1479	5	0.9107	89.734
1480	5	0.91209	87.2108
1481	5	0.91169	87.2367
1482	5	0.91113	86.1647
1483	5	0.91199	87.2427
1484	5	0.91184	86.8444
1485	5	0.91063	89.8014
1486	5	0.91109	87.6702
1487	5	0.91134	86.1876
1488	5	0.91225	87.7498
1489	5	0.91307	85.3752
1490	5	0.91189	86.5855
1491	5	0.91224	87.9955
1492	5	0.91288	88.0776
1493	5	0.91183	88.6259
1494	5	0.91216	86.0597
1495	5	0.91432	85.3052
1496	5	0.91417	87.4704
1497	5	0.9123	84.9939
1498	5	0.91291	87.0755
1499	5	0.91365	86.7035
1500	5	0.91469	85.1728
1501	5	0.91401	86.1886
1502	5	0.9139	85.4197
1503	5	0.91531	87.7873
1504	5	0.91302	85.7726
1505	5	0.91415	85.4205
1506	5	0.91352	84.628
1507	5	0.91349	86.108
1508	5	0.91172	83.5268
1509	5	0.66769	180.148
1510	5	0.67278	168.635
1511	5	0.7704	130.682
1512	5	0.80318	125.444
1513	5	0.80834	122.834
1514	5	0.81579	122.007
1515	5	0.82344	122.422
1516	5	0.82613	119.669
1517	5	0.8272	119.617
1518	5	0.82994	122.449
1519	5	0.83147	118.85
1520	5	0.83149	119.257
1521	5	0.83366	121.245
1522	5	0.83227	116.796
1523	5	0.83313	118.831
1524	5	0.83425	116.834
1525	5	0.83558	117.152
1526	5	0.83277	118.396
1527	5	0.83405	118.221
1528	5	0.68031	163.785
1529	5	0.77714	131.826
1530	5	0.8068	121.097
1531	5	0.8126	119.71
1532	5	0.81963	116.517
1533	5	0.82387	119.017
1534	5	0.82827	117.381
1535	5	0.83027	118.875
1536	5	0.83404	113.428
1537	5	0.83427	118.347
1538	5	0.83444	114.303
1539	5	0.83518	116.569
1540	5	0.83573	116.24
1541	5	0.83418	114.128
1542	5	0.83593	113.088
1543	5	0.83659	116.19
1544	5	0.8374	115.011
1545	5	0.83891	113.918
1546	5	0.84081	110.487
1547	5	0.86406	102.107
1548	5	0.86821	101.665
1549	5	0.87453	101.274
1550	5	0.8774	99.0537
1551	5	0.87921	99.592
1552	5	0.88195	98.5967
1553	5	0.88057	99.4709
1554	5	0.88207	98.74
1555	5	0.88308	96.1469
1556	5	0.88468	96.5896
1557	5	0.88351	96.1992
1558	5	0.88398	97.1749
1559	5	0.8849	94.8863
1560	5	0.88555	94.2817
1561	5	0.8853	97.2674
1562	5	0.88335	99.7362
1563	5	0.8876	94.6093
1564	5	0.89087	95.617
1565	5	0.89273	95.6881
1566	5	0.89753	93.9096
1567	5	0.89714	92.4341
1568	5	0.89934	93.8433
1569	5	0.89962	89.8151
1570	5	0.90092	91.5377
1571	5	0.89919	89.5993
1572	5	0.90216	89.5664
1573	5	0.90077	91.4054
1574	5	0.89979	90.8675
1575	5	0.89978	90.7159
1576	5	0.9018	89.9785
1577	5	0.8907	93.5609
1578	5	0.89417	94.5281
1579	5	0.89678	93.6418
1580	5	0.90091	89.4904
1581	5	0.90133	90.3658
1582	5	0.90064	89.8231
1583	5	0.90167	88.5185
1584	5	0.90323	90.7095
1585	5	0.90218	90.1479
1586	5	0.90565	88.8286
1587	5	0.90394	89.8692
1588	5	0.90479	87.8054
1589	5	0.90463	88.7672
1590	5	0.89882	92.5434
1591	5	0.90206	91.3569
1592	5	0.90345	89.5727
1593	5	0.90374	88.5802
1594	5	0.90563	86.5782
1595	5	0.90737	86.5328
1596	5	0.90747	86.2226
1597	5	0.9084	88.5052
1598	5	0.90724	88.6488
1599	5	0.9063	88.6125
1600	5	0.90725	86.5705
1601	5	0.9077	86.4755
1602	5	0.90456	90.7262
1603	5	0.90731	91.0691
1604	5	0.90785	89.2011
1605	5	0.90681	89.8495
1606	5	0.90912	87.3059
1607	5	0.90827	89.8676
1608	5	0.91013	88.26
1609	5	0.90977	88.1744
1610	5	0.90999	86.0571
1611	5	0.91056	87.4597
1612	5	0.90933	86.3995
1613	5	0.90937	87.4586
1614	5	0.9087	87.2541
1615	5	0.91134	88.545
1616	5	0.91236	87.5875
1617	5	0.91168	84.3983
1618	5	0.91251	87.6257
1619	5	0.91167	87.5083
1620	5	0.91157	86.4911
1621	5	0.90998	87.4836
1622	5	0.91176	84.5002
1623	5	0.91218	86.0701
1624	5	0.91226	85.5573
1625	5	0.91039	84.6699
1626	5	0.91147	85.2297
1627	5	0.91295	86.2868
1628	5	0.91123	86.0528
1629	5	0.91273	86.1028
1630	5	0.91245	86.0751
1631	5	0.91313	84.6094
1632	5	0.91408	87.1892
1633	5	0.91371	85.1116
1634	5	0.91311	85.3721
1635	5	0.91267	85.2713
1636	5	0.91269	84.3444
1637	5	0.91443	85.2131
1638	5	0.9139	82.6591
1639	5	0.91276	83.786
1640	5	0.91362	84.169
1641	5	0.91429	84.1724
1642	5	0.68635	157.061
1643	5	0.7788	125.72
1644	5	0.81048	116.654
1645	5	0.81636	114.811
1646	5	0.82422	112.886
1647	5	0.82681	113.503
1648	5	0.83221	112.572
1649	5	0.83651	111.339
1650	5	0.83261	111.28
1651	5	0.83765	112.138
1652	5	0.83675	112.77
1653	5	0.83938	108.771
1654	5	0.83898	112.668
1655	5	0.83915	110.213
1656	5	0.83935	111.839
1657	5	0.83912	110.517
1658	5	0.84115	111.926
1659	5	0.84498	107.512
1660	5	0.86727	103.385
1661	5	0.86989	97.7886
1662	5	0.87749	98.6996
1663	5	0.87967	96.4677
1664	5	0.88149	97.2346
1665	5	0.88248	95.4076
1666	5	0.88513	96.2045
1667	5	0.88443	96.0365
1668	5	0.88431	94.05
1669	5	0.88572	94.681
1670	5	0.8865	92.8558
1671	5	0.88492	93.9354
1672	5	0.88567	92.7394
1673	5	0.88722	94.4743
1674	5	0.88866	94.6852
1675	5	0.88731	94.1913
1676	5	0.88833	91.8105
1677	5	0.89328	94.2173
1678	5	0.89516	91.2263
1679	5	0.89766	88.765
1680	5	0.90047	88.8998
1681	5	0.90041	86.443
1682	5	0.90041	88.2264
1683	5	0.90056	88.5026
1684	5	0.90278	89.7763
1685	5	0.9011	86.8904
1686	5	0.90318	89.791
1687	5	0.90377	89.772
1688	5	0.90316	87.1186
1689	5	0.89104	91.7201
1690	5	0.89606	91.5416
1691	5	0.89949	91.3215
1692	5	0.90109	89.6725
1693	5	0.90345	89.6479
1694	5	0.90478	88.1424
1695	5	0.90592	87.3449
1696	5	0.90425	86.8515
1697	5	0.9046	85.3238
1698	5	0.90579	88.3582
1699	5	0.90634	86.5149
1700	5	0.90519	84.804
1701	5	0.90664	87.2904
1702	5	0.89961	89.2223
1703	5	0.90314	88.6276
1704	5	0.90513	89.116
1705	5	0.90588	87.5707
1706	5	0.90678	86.8962
1707	5	0.90753	85.5712
1708	5	0.90804	85.8355
1709	5	0.90792	84.3396
1710	5	0.90953	87.2942
1711	5	0.90678	84.6933
1712	5	0.90898	86.3857
1713	5	0.90592	87.2871
1714	5	0.90808	87.1157
1715	5	0.90794	86.0977
1716	5	0.9096	83.8834
1717	5	0.91064	85.3973
1718	5	0.91089	85.5106
1719	5	0.91184	83.7718
1720	5	0.91013	83.642
1721	5	0.91283	84.7178
1722	5	0.91091	84.4318
1723	5	0.90771	86.3739
1724	5	0.91038	84.5569
1725	5	0.91075	85.3487
1726	5	0.91146	83.9309
1727	5	0.91193	83.9119
1728	5	0.91222	83.7603
1729	5	0.91353	85.0376
1730	5	0.91362	82.0349
1731	5	0.91166	85.0835
1732	5	0.91113	85.3196
1733	5	0.91319	83.02
1734	5	0.91287	83.2724
1735	5	0.91394	85.3789
1736	5	0.91239	84.5883
1737	5	0.91192	82.0368
1738	5	0.9106	82.2576
1739	5	0.91383	82.9079
1740	5	0.91253	83.431
1741	5	0.91585	82.7379
1742	5	0.91605	81.1706
1743	5	0.9143	83.2881
1744	5	0.91462	83.4178
1745	5	0.91468	83.4267
1746	5	0.91526	82.7055
1747	5	0.91488	83.2217
1748	5	0.91421	83.7729
1749	5	0.91516	84.1555
1750	5	0.89047	94.7283
1751	5	0.90653	88.3382
1752	5	0.9076	87.7041
1753	5	0.91168	87.821
1754	5	0.91377	88.1148
1755	5	0.91675	85.3118
1756	5	0.91787	83.8298
1757	5	0.91874	83.5321
1758	5	0.91944	84.1786
1759	5	0.91918	85.6624
1760	5	0.9196	84.4243
1761	5	0.91911	82.4209
1762	5	0.91998	82.05
1763	5	0.91981	83.3221
1764	5	0.91901	82.9514
1765	5	0.91921	83.9198
1766	5	0.92095	84.1046
1767	5	0.92355	80.9426
1768	5	0.92621	83.0157
1769	5	0.92761	79.2152
1770	5	0.92896	80.5784
1771	5	0.9294	79.8546
1772	5	0.93004	79.6126
1773	5	0.92999	79.4983
1774	5	0.93061	78.6854
1775	5	0.93041	77.8349
1776	5	0.9314	79.4129
1777	5	0.93015	78.3374
1778	5	0.93023	76.4629
1779	5	0.92208	81.7503
1780	5	0.92593	81.9779
1781	5	0.92878	81.1718
1782	5	0.93022	78.46
1783	5	0.93123	78.3414
1784	5	0.93234	77.0809
1785	5	0.93027	77.7227
1786	5	0.93056	77.0511
1787	5	0.9315	76.9993
1788	5	0.93132	77.9082
1789	5	0.93242	76.4791
1790	5	0.9327	76.1892
1791	5	0.92802	78.8354
1792	5	0.92949	79.0965
1793	5	0.93067	78.0923
1794	5	0.93307	76.6619
1795	5	0.9336	78.8314
1796	5	0.93563	77.4706
1797	5	0.93469	77.2788
1798	5	0.93237	77.9501
1799	5	0.93489	75.33
1800	5	0.93458	76.6158
1801	5	0.93515	77.2949
1802	5	0.93322	77.1402
1803	5	0.93425	75.9676
1804	5	0.93693	75.2251
1805	5	0.93523	75.5163
1806	5	0.934	78.2026
1807	5	0.93614	76.5672
1808	5	0.93634	76.6398
1809	5	0.93634	76.0235
1810	5	0.93692	74.1523
1811	5	0.93616	75.2726
1812	5	0.93548	74.5308
1813	5	0.93721	72.8145
1814	5	0.93752	76.388
1815	5	0.93765	75.7977
1816	5	0.93612	74.7865
1817	5	0.93903	75.6246
1818	5	0.93787	77.1518
1819	5	0.93744	77.418
1820	5	0.93714	74.5035
1821	5	0.93787	75.6385
1822	5	0.9387	73.3944
1823	5	0.93905	73.2814
1824	5	0.93862	74.2944
1825	5	0.93894	75.0238
1826	5	0.93843	73.5001
1827	5	0.9383	74.4379
1828	5	0.93823	72.3999
1829	5	0.93743	74.33
1830	5	0.93892	72.769
1831	5	0.93904	75.1706
1832	5	0.93908	73.7049
1833	5	0.93884	73.5158
1834	5	0.93779	73.8667
1835	5	0.93034	81.1489
1836	5	0.93133	81.9909
1837	5	0.93557	79.1052
1838	5	0.93584	77.2898
1839	5	0.9359	76.2241
1840	5	0.9387	77.3241
1841	5	0.9378	75.1207
1842	5	0.93885	76.6997
1843	5	0.93964	75.4637
1844	5	0.93907	73.869
1845	5	0.93958	76.4639
1846	5	0.93965	76.4664
1847	5	0.9386	76.6286
1848	5	0.93434	78.4113
1849	5	0.93488	76.127
1850	5	0.93799	75.9119
1851	5	0.93907	75.3636
1852	5	0.9385	75.204
1853	5	0.94011	75.9476
1854	5	0.94162	73.7228
1855	5	0.94136	72.5581
1856	5	0.94155	74.6121
1857	5	0.94153	73.6398
1858	5	0.94074	74.0284
1859	5	0.94118	72.4884
1860	5	0.93844	76.6572
1861	5	0.93949	74.4806
1862	5	0.94031	75.5588
1863	5	0.94301	72.8113
1864	5	0.94166	74.0211
1865	5	0.94469	73.1125
1866	5	0.94445	72.2657
1867	5	0.94374	72.1034
1868	5	0.94266	70.5448
1869	5	0.94367	73.2038
1870	5	0.94115	72.8133
1871	5	0.9425	73.3363
1872	5	0.94331	74.6347
1873	5	0.94328	72.3917
1874	5	0.94442	70.8456
1875	5	0.94508	71.4352
1876	5	0.94427	70.5646
1877	5	0.94607	72.2548
1878	5	0.94428	71.5484
1879	5	0.94372	71.1229
1880	5	0.94521	72.4931
1881	5	0.946	71.8116
1882	5	0.94583	70.3166
1883	5	0.94552	71.894
1884	5	0.94537	70.9566
1885	5	0.94468	72.5819
1886	5	0.94577	72.1155
1887	5	0.94475	70.9364
1888	5	0.94582	70.0097
1889	5	0.94804	72.5202
1890	5	0.94673	71.7405
1891	5	0.94614	70.8544
1892	5	0.94673	70.2622
1893	5	0.94754	70.9134
1894	5	0.94633	71.0551
1895	5	0.94537	69.5072
1896	5	0.94687	68.1051
1897	5	0.94468	70.6518
1898	5	0.9463	67.9075
1899	5	0.94628	69.6041
1900	5	0.93537	77.3424
1901	5	0.93873	75.0581
1902	5	0.93931	73.332
1903	5	0.94176	74.6168
1904	5	0.94173	73.8564
1905	5	0.94188	73.11
1906	5	0.94191	71.8378
1907	5	0.94427	70.8051
1908	5	0.94317	73.0426
1909	5	0.9429	71.1572
1910	5	0.94353	72.5437
1911	5	0.94074	73.202
1912	5	0.94182	73.7001
1913	5	0.94239	71.8051
1914	5	0.9421	71.5742
1915	5	0.94433	70.7951
1916	5	0.94398	71.1642
1917	5	0.94513	71.1414
1918	5	0.94475	70.7198
1919	5	0.9473	71.7509
1920	5	0.94514	71.3921
1921	5	0.942	72.6109
1922	5	0.94503	73.1389
1923	5	0.94561	70.4755
1924	5	0.94558	69.0694
1925	5	0.94451	72.4002
1926	5	0.94538	70.0575
1927	5	0.94536	70.2519
1928	5	0.94626	70.7398
1929	5	0.94538	71.4386
1930	5	0.94511	70.9422
1931	5	0.9458	71.7568
1932	5	0.94633	69.3082
1933	5	0.94791	70.2759
1934	5	0.94624	68.4202
1935	5	0.94703	69.2805
1936	5	0.94653	69.5433
1937	5	0.94627	69.5776
1938	5	0.94658	69.2731
1939	5	0.9472	68.3342
1940	5	0.94702	67.7931
1941	5	0.94712	67.884
1942	5	0.94831	68.3033
1943	5	0.94674	68.5397
1944	5	0.94809	71.1367
1945	5	0.94782	68.2569
1946	5	0.948	68.4063
1947	5	0.94746	67.9147
1948	5	0.94145	71.1393
1949	5	0.94379	71.1554
1950	5	0.94405	71.9733
1951	5	0.94546	71.3848
1952	5	0.94717	70.9265
1953	5	0.94519	68.3231
1954	5	0.94669	69.8935
1955	5	0.94732	68.4893
1956	5	0.94599	70.1369
1957	5	0.94441	70.6571
1958	5	0.94645	71.7079
1959	5	0.94633	69.2347
1960	5	0.94808	68.7837
1961	5	0.94761	69.4237
1962	5	0.94798	68.1847
1963	5	0.94792	68.9608
1964	5	0.94712	69.0911
1965	5	0.9465	69.2327
1966	5	0.94711	71.2384
1967	5	0.94834	68.6726
1968	5	0.9473	69.2882
1969	5	0.94785	69.3044
1970	5	0.94923	68.8595
1971	5	0.94771	68.0505
1972	5	0.94942	67.98
1973	5	0.94885	70.0934
1974	5	0.94968	67.7063
1975	5	0.9487	65.827
1976	5	0.94981	67.4366
1977	5	0.95017	67.0305
1978	5	0.95006	69.0809
1979	5	0.95121	67.4539
1980	5	0.95038	69.2347
1981	5	0.94714	69.1929
1982	5	0.94692	69.4865
1983	5	0.94654	67.797
1984	5	0.94916	68.8076
1985	5	0.94818	67.1729
1986	5	0.94847	70.0102
1987	5	0.94803	66.2682
1988	5	0.94785	68.1014
1989	5	0.94748	68.4975
1990	5	0.94871	68.7647
1991	5	0.94929	68.4923
1992	5	0.94968	67.1993
1993	5	0.94932	67.0778
1994	5	0.95028	66.5468
1995	5	0.95016	68.5961
1996	5	0.94983	67.6278
1997	5	0.94991	69.0689
1998	5	0.95051	67.5109
1999	5	0.94935	66.9252
2000	5	0.94976	65.9222
2001	5	0.94999	68.3394
2002	5	0.9498	69.3174
2003	5	0.95087	68.1264
2004	5	0.95003	66.6761
2005	5	0.95019	66.2802
2006	5	0.94915	68.2164
2007	5	0.95047	68.8302
2008	5	0.94947	66.8503
2009	5	0.94981	64.6506
2010	5	0.95114	68.0373
2011	5	0.95073	67.893
2012	5	0.95173	66.5069
2013	5	0.95111	67.5706
2014	5	0.95002	65.1226
2015	5	0.94975	67.0858
2016	5	0.9508	65.731
2017	5	0.95082	66.6873
2018	5	0.94986	67.4744
2019	5	0.95197	66.6064
2020	5	0.64725	200.072
2021	5	0.65658	188.525
2022	5	0.66642	170.867
2023	5	0.76557	135.952
2024	5	0.79829	125.925
2025	5	0.80577	128.91
2026	5	0.81263	126.594
2027	5	0.81664	127.324
2028	5	0.82036	123.972
2029	5	0.82583	124.04
2030	5	0.82498	125.69
2031	5	0.82789	123.635
2032	5	0.82753	126.048
2033	5	0.82807	122.45
2034	5	0.82986	122.454
2035	5	0.82962	120.555
2036	5	0.83148	120.583
2037	5	0.83165	122.429
2038	5	0.83115	121.613
2039	5	0.83077	123.82
2040	5	0.8302	122.025
2041	5	0.66889	172.4
2042	5	0.67643	164.985
2043	5	0.77295	130.036
2044	5	0.80519	122.266
2045	5	0.81054	122.8
2046	5	0.81616	122.368
2047	5	0.8208	120.768
2048	5	0.82492	117.958
2049	5	0.82656	119.125
2050	5	0.82938	121.431
2051	5	0.83192	119.656
2052	5	0.83271	118.547
2053	5	0.83248	115.712
2054	5	0.83355	120.362
2055	5	0.83475	116.428
2056	5	0.83351	116.011
2057	5	0.835	118.409
2058	5	0.83688	117.696
2059	5	0.83416	116.671
2060	5	0.68322	161.783
2061	5	0.77514	126.121
2062	5	0.80815	116.49
2063	5	0.81065	117.09
2064	5	0.81894	117.94
2065	5	0.82586	114.77
2066	5	0.82958	116.37
2067	5	0.83037	115.982
2068	5	0.83494	114.994
2069	5	0.83314	114.539
2070	5	0.83428	115.734
2071	5	0.83706	112.89
2072	5	0.83834	112.94
2073	5	0.83799	114.178
2074	5	0.83794	112.699
2075	5	0.83485	113.722
2076	5	0.83877	114.656
2077	5	0.838	115.39
2078	5	0.84214	108.348
2079	5	0.86272	102.529
2080	5	0.86843	98.4016
2081	5	0.87195	99.6626
2082	5	0.87589	99.8915
2083	5	0.87884	99.0331
2084	5	0.88165	98.5031
2085	5	0.88074	97.4529
2086	5	0.88315	96.2492
2087	5	0.88286	95.5845
2088	5	0.88371	96.8334
2089	5	0.88464	96.1268
2090	5	0.88456	96.6514
2091	5	0.88614	95.3182
2092	5	0.88577	95.3447
2093	5	0.88494	94.5814
2094	5	0.88314	98.4412
2095	5	0.88623	94.5116
2096	5	0.89128	94.776
2097	5	0.89364	93.5365
2098	5	0.89757	93.0584
2099	5	0.897	92.7999
2100	5	0.89798	91.5692
2101	5	0.89714	90.069
2102	5	0.89973	89.2913
2103	5	0.89868	91.8017
2104	5	0.90015	89.5367
2105	5	0.90148	91.8599
2106	5	0.90185	90.2525
2107	5	0.89998	90.9427
2108	5	0.90207	91.0904
2109	5	0.88943	93.2857
2110	5	0.89398	94.3181
2111	5	0.8973	92.434
2112	5	0.89978	91.0344
2113	5	0.90108	90.7039
2114	5	0.90222	88.4888
2115	5	0.90211	91.4684
2116	5	0.90217	89.9013
2117	5	0.90263	88.6361
2118	5	0.90354	89.8647
2119	5	0.90236	89.4328
2120	5	0.90431	89.512
2121	5	0.90436	87.6023
2122	5	0.89901	91.3252
2123	5	0.90052	90.5227
2124	5	0.90263	90.9124
2125	5	0.9034	90.148
2126	5	0.90521	89.9377
2127	5	0.90417	87.7804
2128	5	0.90646	87.3455
2129	5	0.90696	87.0266
2130	5	0.90727	86.9431
2131	5	0.90741	87.0609
2132	5	0.90805	87.9368
2133	5	0.90708	87.6827
2134	5	0.90471	90.0009
2135	5	0.9056	90.8826
2136	5	0.90533	88.6599
2137	5	0.90738	86.9687
2138	5	0.90839	86.0993
2139	5	0.90946	88.8302
2140	5	0.91057	88.144
2141	5	0.9105	84.5443
2142	5	0.91008	87.7947
2143	5	0.91202	85.0225
2144	5	0.90822	90.0625
2145	5	0.90765	87.6717
2146	5	0.90858	86.3321
2147	5	0.91167	85.6004
2148	5	0.91026	86.8922
2149	5	0.9115	86.0057
2150	5	0.91215	84.4896
2151	5	0.91171	87.5558
2152	5	0.91229	84.8838
2153	5	0.91015	86.177
2154	5	0.91024	85.6893
2155	5	0.91148	84.1182
2156	5	0.91255	87.8401
2157	5	0.9116	87.2523
2158	5	0.91321	83.9812
2159	5	0.91245	84.1252
2160	5	0.91113	86.5868
2161	5	0.91236	84.6761
2162	5	0.91204	84.5917
2163	5	0.91468	85.2063
2164	5	0.91289	85.8427
2165	5	0.91207	83.4743
2166	5	0.91273	84.1309
2167	5	0.91204	83.2153
2168	5	0.91428	84.0004
2169	5	0.91317	84.7015
2170	5	0.9126	86.1896
2171	5	0.91379	83.4664
2172	5	0.91449	82.7099
2173	5	0.91337	85.0117
2174	5	0.67668	163.021
2175	5	0.68177	159.178
2176	5	0.7742	128.557
2177	5	0.80368	119.489
2178	5	0.81368	120.041
2179	5	0.82034	114.542
2180	5	0.82572	117.025
2181	5	0.82878	117.116
2182	5	0.83241	117.43
2183	5	0.83304	116.984
2184	5	0.83456	115.14
2185	5	0.83507	112.867
2186	5	0.83527	114.203
2187	5	0.83602	115.705
2188	5	0.83811	115.61
2189	5	0.83911	114.523
2190	5	0.83669	114.042
2191	5	0.83866	114.06
2192	5	0.83899	114.81
2193	5	0.68709	155.613
2194	5	0.77947	123.25
2195	5	0.81109	116.247
2196	5	0.81653	117.793
2197	5	0.82285	113.214
2198	5	0.82725	115.638
2199	5	0.82973	110.652
2200	5	0.83494	112.961
2201	5	0.83536	113.272
2202	5	0.83821	111.442
2203	5	0.83829	111.635
2204	5	0.8391	112.39
2205	5	0.83877	109.703
2206	5	0.83896	108.846
2207	5	0.83782	110.206
2208	5	0.84051	110.153
2209	5	0.84157	110.091
2210	5	0.84649	108.867
2211	5	0.86677	97.8735
2212	5	0.86981	99.4938
2213	5	0.87409	98.9664
2214	5	0.8799	97.6199
2215	5	0.88219	96.3108
2216	5	0.88316	95.8261
2217	5	0.88402	94.4518
2218	5	0.8834	93.7341
2219	5	0.88541	96.5747
2220	5	0.8859	94.0612
2221	5	0.88592	95.1072
2222	5	0.88518	94.6689
2223	5	0.88448	94.249
2224	5	0.88806	95.4917
2225	5	0.8844	92.5453
2226	5	0.88367	96.1484
2227	5	0.88867	95.183
2228	5	0.89488	92.5701
2229	5	0.89584	89.3251
2230	5	0.89845	90.7005
2231	5	0.89822	91.2944
2232	5	0.90046	88.6043
2233	5	0.89998	88.4157
2234	5	0.90148	90.1017
2235	5	0.90195	88.6009
2236	5	0.90036	87.7036
2237	5	0.90287	89.2954
2238	5	0.9014	89.0992
2239	5	0.90114	90.1647
2240	5	0.89038	92.2745
2241	5	0.89619	91.5279
2242	5	0.89854	92.9149
2243	5	0.90126	88.7765
2244	5	0.90146	87.591
2245	5	0.90329	88.398
2246	5	0.90562	88.7482
2247	5	0.903	88.4063
2248	5	0.90546	87.4784
2249	5	0.90313	85.8559
2250	5	0.90583	86.7435
2251	5	0.90333	87.7775
2252	5	0.90474	85.1515
2253	5	0.8982	89.5303
2254	5	0.89992	89.906
2255	5	0.90243	87.6307
2256	5	0.90444	88.8183
2257	5	0.90556	86.3456
2258	5	0.90598	86.9676
2259	5	0.90763	86.9679
2260	5	0.90774	85.6107
2261	5	0.90728	87.8911
2262	5	0.90641	84.3361
2263	5	0.90824	84.867
2264	5	0.90428	86.9476
2265	5	0.90848	86.379
2266	5	0.90855	84.0061
2267	5	0.90871	85.3067
2268	5	0.90883	85.4194
2269	5	0.90998	86.5072
2270	5	0.91026	87.1786
2271	5	0.91034	84.801
2272	5	0.91026	86.2013
2273	5	0.90951	85.0515
2274	5	0.90793	86.0875
2275	5	0.90927	87.4398
2276	5	0.91002	84.3852
2277	5	0.91029	83.7783
2278	5	0.91309	84.4377
2279	5	0.9135	86.365
2280	5	0.91355	83.2029
2281	5	0.91352	83.1818
2282	5	0.91247	85.4675
2283	5	0.91076	84.9635
2284	5	0.91253	83.1614
2285	5	0.91185	82.1551
2286	5	0.91208	85.0295
2287	5	0.91199	81.303
2288	5	0.91147	81.7959
2289	5	0.91196	83.3943
2290	5	0.91258	82.7298
2291	5	0.91356	83.949
2292	5	0.91453	83.0877
2293	5	0.91362	84.0744
2294	5	0.9153	85.0738
2295	5	0.91317	83.786
2296	5	0.91387	82.939
2297	5	0.91362	83.2586
2298	5	0.91375	83.2328
2299	5	0.91352	82.9301
2300	5	0.91434	83.2494
2301	5	0.6919	147.898
2302	5	0.78303	117.472
2303	5	0.81345	113.022
2304	5	0.81954	114.298
2305	5	0.82528	111.763
2306	5	0.82992	108.832
2307	5	0.83539	110.475
2308	5	0.83662	110.052
2309	5	0.83553	108.491
2310	5	0.83969	106.755
2311	5	0.84144	108.908
2312	5	0.8378	109.687
2313	5	0.84004	107.652
2314	5	0.8407	105.39
2315	5	0.84032	107.836
2316	5	0.84217	105.948
2317	5	0.8415	108.617
2318	5	0.84667	101.962
2319	5	0.86756	99.0712
2320	5	0.8735	98.2607
2321	5	0.87687	94.1163
2322	5	0.8801	93.3874
2323	5	0.88307	91.9029
2324	5	0.88654	93.7422
2325	5	0.88413	93.2064
2326	5	0.88554	93.2542
2327	5	0.88651	92.6311
2328	5	0.88682	92.0721
2329	5	0.88578	92.008
2330	5	0.88745	90.0383
2331	5	0.88899	91.6882
2332	5	0.88756	89.5705
2333	5	0.88552	92.4595
2334	5	0.88955	88.8476
2335	5	0.89257	90.5077
2336	5	0.89781	90.0827
2337	5	0.89956	88.7364
2338	5	0.89876	87.6403
2339	5	0.90093	87.9202
2340	5	0.90106	85.4811
2341	5	0.90224	88.5097
2342	5	0.90195	84.3669
2343	5	0.90255	84.228
2344	5	0.90266	85.5517
2345	5	0.90233	88.093
2346	5	0.90467	85.5951
2347	5	0.89221	91.2544
2348	5	0.89766	89.2379
2349	5	0.90046	87.8334
2350	5	0.90523	87.1876
2351	5	0.9024	87.0184
2352	5	0.9049	85.1683
2353	5	0.90428	83.6607
2354	5	0.9038	83.2889
2355	5	0.90338	84.338
2356	5	0.90553	85.6082
2357	5	0.90485	84.368
2358	5	0.90541	83.9144
2359	5	0.90012	88.4377
2360	5	0.90364	87.4739
2361	5	0.90502	85.245
2362	5	0.90694	85.5935
2363	5	0.9067	83.895
2364	5	0.9087	85.6657
2365	5	0.90783	82.9083
2366	5	0.90876	82.0637
2367	5	0.91139	81.6885
2368	5	0.90763	81.5816
2369	5	0.90864	82.4389
2370	5	0.90679	84.3183
2371	5	0.90874	85.4913
2372	5	0.90887	84.4937
2373	5	0.90891	82.2829
2374	5	0.90964	83.3482
2375	5	0.91044	84.0948
2376	5	0.91111	82.4908
2377	5	0.91235	83.9655
2378	5	0.9106	81.7081
2379	5	0.90912	84.5139
2380	5	0.91138	82.4248
2381	5	0.91205	81.4248
2382	5	0.91109	82.3805
2383	5	0.91376	80.2
2384	5	0.91255	81.7567
2385	5	0.91203	81.8033
2386	5	0.91282	81.1051
2387	5	0.91147	84.1185
2388	5	0.91302	81.9453
2389	5	0.91256	82.1488
2390	5	0.91464	80.2115
2391	5	0.9112	83.165
2392	5	0.9145	83.0129
2393	5	0.91302	81.3269
2394	5	0.91247	80.4388
2395	5	0.9133	82.3318
2396	5	0.91369	82.0717
2397	5	0.91504	81.7609
2398	5	0.91361	80.6084
2399	5	0.91346	81.5229
2400	5	0.91494	80.7016
2401	5	0.91523	79.9106
2402	5	0.91315	80.7282
2403	5	0.89071	91.5529
2404	5	0.90665	88.1092
2405	5	0.90776	87.486
2406	5	0.91306	84.9534
2407	5	0.91493	82.652
2408	5	0.91601	83.8846
2409	5	0.91718	84.9893
2410	5	0.9173	83.1454
2411	5	0.9176	81.6061
2412	5	0.91949	81.8444
2413	5	0.91991	83.063
2414	5	0.91783	79.1384
2415	5	0.9201	82.27
2416	5	0.92027	80.0981
2417	5	0.91924	79.8789
2418	5	0.91814	82.2229
2419	5	0.92016	84.6571
2420	5	0.92512	81.2305
2421	5	0.92475	79.897
2422	5	0.9277	79.1623
2423	5	0.92893	77.4029
2424	5	0.92893	76.9577
2425	5	0.93035	78.7013
2426	5	0.9301	78.8405
2427	5	0.92998	75.8851
2428	5	0.9298	77.5823
2429	5	0.92961	76.2972
2430	5	0.93136	77.2453
2431	5	0.92379	79.8726
2432	5	0.92644	78.9402
2433	5	0.92661	77.4544
2434	5	0.92887	77.9427
2435	5	0.93056	77.4279
2436	5	0.93239	75.121
2437	5	0.93035	77.636
2438	5	0.93222	76.9128
2439	5	0.93182	74.8973
2440	5	0.93198	74.6814
2441	5	0.93331	75.9201
2442	5	0.93333	76.351
2443	5	0.92815	78.5842
2444	5	0.9302	77.5453
2445	5	0.93123	78.6835
2446	5	0.93091	76.1159
2447	5	0.93229	76.5712
2448	5	0.93433	74.7609
2449	5	0.93355	72.5238
2450	5	0.93398	73.6202
2451	5	0.93391	74.2036
2452	5	0.93553	75.0852
2453	5	0.93254	75.175
2454	5	0.93238	77.0981
2455	5	0.93544	74.6583
2456	5	0.93551	73.6673
2457	5	0.93354	76.0326
2458	5	0.9357	74.2388
2459	5	0.93726	73.5893
2460	5	0.93626	74.5105
2461	5	0.93652	73.1552
2462	5	0.93565	75.5202
2463	5	0.93619	74.1808
2464	5	0.93711	72.0323
2465	5	0.93594	74.6968
2466	5	0.93677	75.5193
2467	5	0.93827	74.7679
2468	5	0.93735	71.4111
2469	5	0.9364	73.6064
2470	5	0.93622	72.9777
2471	5	0.93711	73.5523
2472	5	0.93752	71.0488
2473	5	0.93774	71.7584
2474	5	0.93805	72.4436
2475	5	0.93902	72.4591
2476	5	0.93745	74.1454
2477	5	0.93699	71.3355
2478	5	0.93821	72.96
2479	5	0.93842	71.8834
2480	5	0.93802	72.4955
2481	5	0.93835	72.4156
2482	5	0.93681	71.6386
2483	5	0.92977	80.2266
2484	5	0.93089	77.259
2485	5	0.93567	79.2322
2486	5	0.93616	77.1331
2487	5	0.93671	74.4308
2488	5	0.93895	75.1402
2489	5	0.937	74.8214
2490	5	0.93805	72.5678
2491	5	0.93875	73.3308
2492	5	0.93973	72.9203
2493	5	0.93935	72.9226
2494	5	0.93897	73.6219
2495	5	0.94019	73.3636
2496	5	0.93409	76.463
2497	5	0.93598	72.6009
2498	5	0.9372	75.0046
2499	5	0.93923	74.534
2500	5	0.9398	71.5854
2501	5	0.94026	72.1147
2502	5	0.94046	71.3148
2503	5	0.94166	72.3834
2504	5	0.94277	72.3523
2505	5	0.94183	71.712
2506	5	0.94077	72.5209
2507	5	0.93805	77.1154
2508	5	0.94002	70.3192
2509	5	0.94191	73.0777
2510	5	0.94252	71.0914
2511	5	0.94294	72.2364
2512	5	0.94194	72.3678
2513	5	0.94327	70.3448
2514	5	0.94299	69.0491
2515	5	0.94283	69.6302
2516	5	0.94241	72.2145
2517	5	0.94207	73.7646
2518	5	0.94165	70.9312
2519	5	0.94367	71.1743
2520	5	0.94384	70.046
2521	5	0.94483	72.0544
2522	5	0.94373	71.2326
2523	5	0.94574	69.6074
2524	5	0.94618	69.5077
2525	5	0.94469	72.942
2526	5	0.94375	71.2808
2527	5	0.94411	69.2963
2528	5	0.94521	70.2981
2529	5	0.94545	71.4157
2530	5	0.94501	68.8151
2531	5	0.94582	68.9932
2532	5	0.94464	71.2915
2533	5	0.94547	69.6836
2534	5	0.94616	68.2918
2535	5	0.94652	67.9284
2536	5	0.94559	69.0539
2537	5	0.94544	68.1744
2538	5	0.9474	68.1752
2539	5	0.94557	68.1387
2540	5	0.94711	71.332
2541	5	0.94704	68.8852
2542	5	0.9466	67.2877
2543	5	0.946	69.098
2544	5	0.93536	74.3175
2545	5	0.93765	75.2019
2546	5	0.9382	73.6663
2547	5	0.941	72.3219
2548	5	0.94236	73.2528
2549	5	0.94051	70.2301
2550	5	0.94056	68.4366
2551	5	0.94277	72.2625
2552	5	0.9414	69.3322
2553	5	0.94218	70.6996
2554	5	0.94178	70.8011
2555	5	0.94163	73.41
2556	5	0.94001	71.8653
2557	5	0.94349	71.539
2558	5	0.94374	70.6357
2559	5	0.94374	69.8168
2560	5	0.94491	69.1085
2561	5	0.94368	68.8528
2562	5	0.94429	68.6659
2563	5	0.94426	70.4132
2564	5	0.943	70.2126
2565	5	0.94463	69.2225
2566	5	0.94367	69.4453
2567	5	0.94488	67.4574
2568	5	0.94528	69.7659
2569	5	0.94632	67.7751
2570	5	0.94461	69.4592
2571	5	0.94592	70.2748
2572	5	0.94419	68.3634
2573	5	0.94559	67.1597
2574	5	0.94603	69.4987
2575	5	0.94756	68.4193
2576	5	0.9461	67.9128
2577	5	0.94524	66.7169
2578	5	0.94557	67.3951
2579	5	0.94572	68.0523
2580	5	0.9463	68.0932
2581	5	0.94761	67.1905
2582	5	0.94804	67.5245
2583	5	0.94668	68.3699
2584	5	0.94768	67.6698
2585	5	0.94768	67.4504
2586	5	0.94683	67.6726
2587	5	0.94884	66.7464
2588	5	0.9418	71.0611
2589	5	0.94266	70.5939
2590	5	0.94423	70.2747
2591	5	0.94543	71.2265
2592	5	0.94562	69.7325
2593	5	0.94571	69.3843
2594	5	0.94599	67.0403
2595	5	0.94595	68.4453
2596	5	0.94517	67.2673
2597	5	0.94529	70.442
2598	5	0.94723	68.8214
2599	5	0.94752	68.8014
2600	5	0.94622	66.6735
2601	5	0.9463	68.1268
2602	5	0.94774	67.4669
2603	5	0.94705	66.6369
2604	5	0.9464	69.6861
2605	5	0.9483	68.2098
2606	5	0.94903	68.092
2607	5	0.94698	66.4394
2608	5	0.94794	65.6131
2609	5	0.9477	65.6896
2610	5	0.94891	68.4679
2611	5	0.94734	68.0663
2612	5	0.94841	68.2395
2613	5	0.94941	67.8349
2614	5	0.94957	68.1853
2615	5	0.94854	65.7445
2616	5	0.94944	66.8382
2617	5	0.94921	66.0012
2618	5	0.94555	68.6819
2619	5	0.94836	67.2473
2620	5	0.94889	67.644
2621	5	0.94757	67.8759
2622	5	0.94929	67.623
2623	5	0.94746	67.7291
2624	5	0.94917	66.8076
2625	5	0.94682	68.4383
2626	5	0.94863	67.6844
2627	5	0.94997	65.9072
2628	5	0.94823	66.0966
2629	5	0.94981	67.3444
2630	5	0.9493	66.2788
2631	5	0.94814	65.1025
2632	5	0.94936	64.8169
2633	5	0.94923	66.0582
2634	5	0.95026	66.9681
2635	5	0.94864	65.4856
2636	5	0.94911	64.5641
2637	5	0.94819	67.2916
2638	5	0.94887	67.1391
2639	5	0.94898	67.3805
2640	5	0.94906	67.1842
2641	5	0.94902	66.7107
2642	5	0.94985	66.6175
2643	5	0.94927	65.1855
2644	5	0.9492	66.1411
2645	5	0.95057	64.4111
2646	5	0.95142	66.9124
2647	5	0.95033	66.6978
2648	5	0.94878	66.4846
2649	5	0.95101	64.759
2650	5	0.9514	65.8446
2651	5	0.95046	67.7049
2652	5	0.68279	156.003
2653	5	0.68413	152.133
2654	5	0.77738	124.199
2655	5	0.80851	117.427
2656	5	0.81197	113.968
2657	5	0.82438	113.017
2658	5	0.8273	115.127
2659	5	0.83186	113.569
2660	5	0.83263	111.152
2661	5	0.83368	114.079
2662	5	0.83529	112.865
2663	5	0.83756	113.036
2664	5	0.83748	110.849
2665	5	0.83728	110.558
2666	5	0.83875	111.863
2667	5	0.83795	112.209
2668	5	0.84026	112.159
2669	5	0.83991	110.772
2670	5	0.68922	149.006
2671	5	0.78241	123.896
2672	5	0.81138	114.93
2673	5	0.81968	114.545
2674	5	0.82292	113.434
2675	5	0.82747	111.303
2676	5	0.83054	112.827
2677	5	0.83342	110.442
2678	5	0.83612	110.821
2679	5	0.83739	110.544
2680	5	0.84022	105.977
2681	5	0.83887	108.23
2682	5	0.83885	109.841
2683	5	0.83861	108.775
2684	5	0.84015	107.919
2685	5	0.8411	108.939
2686	5	0.84059	108.121
2687	5	0.84379	105.405
2688	5	0.86801	98.8192
2689	5	0.8709	97.7586
2690	5	0.87497	95.4598
2691	5	0.87834	96.8327
2692	5	0.88249	93.7134
2693	5	0.883	94.5968
2694	5	0.88269	94.7123
2695	5	0.88503	95.1421
2696	5	0.88413	94.6983
2697	5	0.88556	92.6355
2698	5	0.88552	90.2756
2699	5	0.8881	92.4371
2700	5	0.88665	92.9492
2701	5	0.8862	92.2397
2702	5	0.88408	92.1544
2703	5	0.88874	93.5824
2704	5	0.89095	91.4806
2705	5	0.89631	89.332
2706	5	0.89907	89.9885
2707	5	0.89819	89.0981
2708	5	0.90064	88.2428
2709	5	0.9017	87.8573
2710	5	0.90072	87.609
2711	5	0.90174	86.3442
2712	5	0.90256	88.117
2713	5	0.90031	88.247
2714	5	0.90205	87.542
2715	5	0.90259	86.5068
2716	5	0.89199	88.9233
2717	5	0.89604	88.5398
2718	5	0.89736	89.7809
2719	5	0.90089	87.1126
2720	5	0.90268	86.2699
2721	5	0.90393	84.235
2722	5	0.90379	83.2234
2723	5	0.90328	85.8716
2724	5	0.90475	87.7946
2725	5	0.90365	86.2717
2726	5	0.9054	84.7341
2727	5	0.90428	83.7633
2728	5	0.90105	88.2441
2729	5	0.90169	86.6378
2730	5	0.90455	85.5564
2731	5	0.90621	86.1604
2732	5	0.90526	84.3879
2733	5	0.90661	84.8381
2734	5	0.90791	83.6801
2735	5	0.90811	83.0248
2736	5	0.90838	83.8751
2737	5	0.907	84.4262
2738	5	0.90795	83.4012
2739	5	0.90347	85.6396
2740	5	0.90606	83.8871
2741	5	0.90698	86.3444
2742	5	0.90782	86.9217
2743	5	0.91009	81.7464
2744	5	0.91028	82.9554
2745	5	0.9107	83.6365
2746	5	0.90975	86.5784
2747	5	0.91023	83.9141
2748	5	0.9075	84.5409
2749	5	0.90985	84.16
2750	5	0.90938	84.9255
2751	5	0.91184	83.8232
2752	5	0.9112	82.5789
2753	5	0.91276	82.9696
2754	5	0.91079	85.2009
